Player,Nation,Pos,Squad,Comp,Age,Born,90s,Tackles,TacklesWon,TacklesDef3rd,TacklesMid3rd,TacklesAtt3rd,DribTkl,DribTklAtt,DribTkl%,ChallengesLost,Blocks,ShotsBlocked,PassesBlocked,Int,Tkl+Int,Clr,ErrorsLeadingToShot
James Abankwah,IRL,DF,Udinese,Serie A,20-275,2004,0.0,0,0,0,0,0,0,0,,0,0,0,0,0,0,0,0
Keyliane Abdallah,FRA,FW,Marseille,Ligue 1,18-195,2006,0.0,1,1,1,0,0,1,1,100.0,0,0,0,0,0,1,0,0
Yunis Abdelhamid,MAR,DF,Saint-Étienne,Ligue 1,37-019,1987,5.0,5,2,5,0,0,4,7,57.1,3,9,8,1,3,8,24,0
Himad Abdelli,ALG,"MF,FW",Angers,Ligue 1,24-335,1999,6.9,13,9,2,5,6,5,12,41.7,7,6,0,6,6,19,6,0
Mohamed Abdelmoneim,EGY,DF,Nice,Ligue 1,25-259,1999,1.8,9,6,6,2,1,6,11,54.5,5,1,1,0,0,9,4,1
Ali Abdi,TUN,"DF,MF",Nice,Ligue 1,30-302,1993,2.5,11,7,5,2,4,10,15,66.7,5,7,3,4,1,12,7,0
Abel,ESP,DF,Osasuna,La Liga,24-057,2000,6.8,19,13,10,6,3,12,19,63.2,7,12,2,10,6,25,23,0
Nabil Aberdin,FRA,MF,Getafe,La Liga,22-055,2002,2.6,5,4,3,2,0,1,1,100.0,0,2,0,2,0,5,5,0
Oliver Abildgaard,DEN,MF,Como,Serie A,28-129,1996,0.1,0,0,0,0,0,0,0,,0,1,0,1,0,0,0,0
Matthis Abline,FRA,FW,Nantes,Ligue 1,21-203,2003,6.2,0,0,0,0,0,0,1,0.0,1,1,0,1,0,0,12,0
Abner,BRA,DF,Lyon,Ligue 1,24-143,2000,5.2,13,8,5,6,2,10,14,71.4,4,8,1,7,5,18,12,0
Zakaria Aboukhlal,MAR,"MF,FW",Toulouse,Ligue 1,24-242,2000,5.3,3,1,0,1,2,2,4,50.0,2,3,0,3,2,5,1,0
Abdel Abqar,MAR,DF,Alavés,La Liga,25-221,1999,7.5,8,5,3,5,0,2,6,33.3,4,6,3,3,18,26,33,0
Tammy Abraham,ENG,FW,Roma,Serie A,27-015,1997,0.0,0,0,0,0,0,0,1,0.0,1,0,0,0,0,0,0,0
Tammy Abraham,ENG,FW,Milan,Serie A,27-015,1997,3.9,4,1,0,4,0,0,0,,0,3,0,3,1,5,3,0
Federico Accornero,ITA,MF,Genoa,Serie A,20-255,2004,0.1,0,0,0,0,0,0,0,,0,0,0,0,0,0,0,0
Francesco Acerbi,ITA,DF,Inter,Serie A,36-250,1988,6.0,6,4,5,1,0,2,3,66.7,1,6,6,0,10,16,23,0
Akor Adams,NGA,FW,Montpellier,Ligue 1,24-262,2000,6.1,1,1,0,1,0,0,1,0.0,1,2,1,1,0,1,3,0
Che Adams,SCO,"FW,MF",Torino,Serie A,28-096,1996,4.3,3,2,1,1,1,0,1,0.0,1,2,2,0,0,3,1,0
Junior Adamu,AUT,FW,Freiburg,Bundesliga,23-133,2001,5.5,0,0,0,0,0,0,2,0.0,2,5,0,5,3,3,5,0
Tosin Adarabioyo,ENG,DF,Chelsea,Premier League,27-023,1997,1.3,2,2,2,0,0,1,1,100.0,0,2,2,0,1,3,6,0
Martin Adeline,FRA,MF,Reims,Ligue 1,20-320,2003,0.3,1,1,0,1,0,1,2,50.0,1,0,0,0,0,1,2,0
Karim Adeyemi,GER,"FW,MF",Dortmund,Bundesliga,22-273,2002,3.4,7,5,3,1,3,2,2,100.0,0,6,0,6,1,8,0,0
Simon Adingra,CIV,"FW,MF",Brighton,Premier League,22-290,2002,1.5,4,2,2,2,0,3,5,60.0,2,3,0,3,2,6,0,0
Amine Adli,MAR,"MF,FW",Leverkusen,Bundesliga,24-160,2000,1.6,4,2,0,1,3,1,2,50.0,1,2,0,2,0,4,2,0
Yacine Adli,FRA,MF,Fiorentina,Serie A,24-080,2000,1.6,5,3,2,2,1,1,3,33.3,2,0,0,0,2,7,3,0
Adryelson,BRA,DF,Lyon,Ligue 1,26-208,1998,0.0,0,0,0,0,0,0,0,,0,0,0,0,1,1,1,0
Michel Aebischer,SUI,MF,Bologna,Serie A,27-285,1997,4.2,7,4,1,4,2,4,8,50.0,4,3,1,2,5,12,2,0
Oladapo Afolayan,ENG,"FW,MF",St. Pauli,Bundesliga,26-248,1998,3.8,6,3,1,2,3,2,4,50.0,2,2,0,2,2,8,3,0
Emmanuel Agbadou,CIV,DF,Reims,Ligue 1,27-122,1997,7.0,20,13,15,3,2,15,19,78.9,4,16,11,5,8,28,35,1
Julen Agirrezabala,ESP,GK,Athletic Club,La Liga,23-296,2000,5.4,0,0,0,0,0,0,1,0.0,1,0,0,0,0,0,1,0
Lucien Agoume,FRA,MF,Sevilla,La Liga,22-251,2002,6.0,12,4,7,3,2,6,9,66.7,3,12,5,7,7,19,8,0
Felix Agu,GER,DF,Werder Bremen,Bundesliga,25-020,1999,5.6,8,4,5,2,1,4,7,57.1,3,4,1,3,5,13,16,0
Álvaro Aguado,ESP,MF,Espanyol,La Liga,28-169,1996,2.5,4,2,2,2,0,2,4,50.0,2,5,0,5,1,5,5,1
Nayef Aguerd,MAR,DF,Real Sociedad,La Liga,28-201,1996,4.7,8,6,4,4,0,3,5,60.0,2,6,2,4,6,14,14,0
Ruben Aguilar,FRA,DF,Lens,Ligue 1,31-174,1993,3.0,9,6,5,4,0,7,9,77.8,2,5,1,4,5,14,2,0
Honest Ahanor,ITA,DF,Genoa,Serie A,16-237,2008,0.8,1,0,0,1,0,1,3,33.3,2,0,0,0,0,1,2,0
Jean-Eudes Aholou,CIV,MF,Angers,Ligue 1,30-211,1994,5.1,13,10,6,4,3,6,13,46.2,7,5,2,3,8,21,6,0
Joseph Aidoo,GHA,DF,Celta Vigo,La Liga,29-018,1995,0.0,1,0,1,0,0,0,0,,0,0,0,0,0,1,0,0
Ayman Aiki,FRA,"FW,MF",Saint-Étienne,Ligue 1,19-114,2005,1.0,3,3,1,2,0,1,1,100.0,0,1,0,1,1,4,0,0
Ola Aina,NGA,DF,Nott'ham Forest,Premier League,28-009,1996,6.6,11,6,7,4,0,8,14,57.1,6,8,4,4,10,21,22,1
Rayan Aït-Nouri,ALG,"DF,MF",Wolves,Premier League,23-133,2001,6.3,11,6,9,2,0,4,7,57.1,3,6,0,6,6,17,15,1
Kristoffer Ajer,NOR,DF,Brentford,Premier League,26-183,1998,6.1,5,4,5,0,0,1,6,16.7,5,8,1,7,6,11,17,0
Ludovic Ajorque,FRA,FW,Brest,Ligue 1,30-235,1994,5.5,4,2,0,2,2,2,5,40.0,3,3,1,2,1,5,5,0
Manuel Akanji,SUI,DF,Manchester City,Premier League,29-090,1995,6.7,5,3,2,1,2,3,6,50.0,3,4,2,2,3,8,20,0
Ümit Akdag,ROU,DF,Toulouse,Ligue 1,21-011,2003,0.9,3,2,1,2,0,3,5,60.0,2,1,1,0,5,8,0,0
Nathan Aké,NED,DF,Manchester City,Premier League,29-242,1995,0.0,1,1,1,0,0,1,1,100.0,0,0,0,0,1,2,0,0
Ilias Akhomach,MAR,MF,Villarreal,La Liga,20-184,2004,4.3,12,7,4,4,4,6,11,54.5,5,6,0,6,3,15,9,0
Sergio Akieme,ESP,DF,Reims,Ligue 1,26-306,1997,4.0,5,4,4,1,0,3,6,50.0,3,4,2,2,1,6,12,0
Maghnes Akliouche,FRA,"FW,MF",Monaco,Ligue 1,22-235,2002,4.2,8,6,5,2,1,2,7,28.6,5,2,0,2,0,8,2,0
Clément Akpa,CIV,DF,Auxerre,Ligue 1,22-328,2001,4.8,7,4,3,1,3,4,9,44.4,5,7,2,5,7,14,17,1
David Akpan Ankeye,NGA,FW,Genoa,Serie A,22-246,2002,0.3,0,0,0,0,0,0,1,0.0,1,0,0,0,0,0,0,0
Kevin Akpoguma,NGA,DF,Hoffenheim,Bundesliga,29-181,1995,6.0,9,2,7,1,1,3,6,50.0,3,19,13,6,3,12,27,0
Andreas Albers,DEN,FW,St. Pauli,Bundesliga,34-208,1990,0.3,0,0,0,0,0,0,1,0.0,1,0,0,0,0,0,1,0
Raúl Albiol,ESP,DF,Villarreal,La Liga,39-043,1985,5.2,2,2,2,0,0,1,2,50.0,1,6,6,0,2,4,39,0
Carlos Alcaraz,ARG,MF,Southampton,Premier League,21-322,2002,0.1,0,0,0,0,0,0,0,,0,0,0,0,1,1,0,0
Omar Alderete,PAR,DF,Getafe,La Liga,27-296,1996,8.0,12,8,10,1,1,6,7,85.7,1,8,6,2,6,18,46,1
Carles Aleñá,ESP,"MF,FW",Getafe,La Liga,26-286,1998,3.4,6,3,2,3,1,4,8,50.0,4,7,1,6,0,6,2,0
Trent Alexander-Arnold,ENG,DF,Liverpool,Premier League,26-010,1998,6.5,17,11,9,6,2,11,18,61.1,7,5,1,4,5,22,5,0
Alfon,ESP,"FW,MF",Celta Vigo,La Liga,25-166,1999,2.1,1,0,0,1,0,0,1,0.0,1,2,0,2,1,2,1,0
Mohamed Ali Cho,FRA,FW,Nice,Ligue 1,20-272,2004,4.8,3,2,0,1,2,0,3,0.0,3,3,0,3,1,4,2,0
Faride Alidou,GER,"FW,MF",Hellas Verona,Serie A,23-091,2001,0.7,0,0,0,0,0,0,0,,0,1,0,1,0,0,2,1
Alisson,BRA,GK,Liverpool,Premier League,32-015,1992,5.9,0,0,0,0,0,0,0,,0,0,0,0,0,0,2,0
Jim Allevinah,GAB,FW,Angers,Ligue 1,29-233,1995,2.5,2,1,1,0,1,0,2,0.0,2,1,0,1,1,3,3,0
Domingos André Ribeiro Almeida,POR,"FW,MF",Valencia,La Liga,24-140,2000,4.6,11,7,5,4,2,4,6,66.7,2,5,1,4,2,13,2,0
Iker Almena,ESP,"FW,DF",Girona,La Liga,20-166,2004,0.5,0,0,0,0,0,0,1,0.0,1,1,0,1,0,0,2,0
Miguel Almirón,PAR,FW,Newcastle Utd,Premier League,30-250,1994,0.4,1,1,1,0,0,1,1,100.0,0,0,0,0,0,1,0,0
Pontus Almqvist,SWE,FW,Parma,Serie A,25-099,1999,1.9,5,3,3,1,1,3,5,60.0,2,1,0,1,5,10,1,0
Marcos Alonso,ESP,"DF,MF",Celta Vigo,La Liga,33-294,1990,4.1,3,1,2,1,0,2,5,40.0,3,4,2,2,6,9,12,0
Giorgio Altare,ITA,DF,Venezia,Serie A,26-069,1998,2.2,5,4,4,1,0,1,4,25.0,3,3,2,1,4,9,9,0
Adrià Altimira,ESP,"FW,DF",Leganés,La Liga,23-203,2001,3.0,7,3,2,4,1,4,9,44.4,5,1,1,0,5,12,4,0
Sergi Altimira,ESP,MF,Betis,La Liga,23-053,2001,3.9,6,4,3,2,1,4,9,44.4,5,3,0,3,2,8,4,0
Edson Álvarez,MEX,"MF,DF",West Ham,Premier League,26-359,1997,2.7,10,6,6,3,1,5,6,83.3,1,4,1,3,4,14,4,0
Hugo Álvarez,ESP,"MF,DF",Celta Vigo,La Liga,21-107,2003,7.5,14,5,8,5,1,6,10,60.0,4,8,1,7,4,18,13,1
Julián Álvarez,ARG,"FW,MF",Atlético Madrid,La Liga,24-260,2000,5.7,2,1,1,0,1,1,4,25.0,3,6,0,6,0,2,3,0
Yeray Álvarez,ESP,DF,Athletic Club,La Liga,29-267,1995,4.0,6,4,3,2,1,3,5,60.0,2,3,1,2,9,15,15,1
Skelly Alvero,FRA,MF,Werder Bremen,Bundesliga,22-166,2002,1.1,3,3,3,0,0,1,1,100.0,0,4,0,4,2,5,5,0
Selim Amallah,MAR,MF,Valladolid,La Liga,27-337,1996,5.1,10,6,4,5,1,0,5,0.0,5,12,0,12,5,15,1,0
Amath,SEN,"FW,DF",Valladolid,La Liga,28-093,1996,3.3,1,0,1,0,0,1,5,20.0,4,5,1,4,2,3,2,0
Jordan Amavi,FRA,DF,Brest,Ligue 1,30-222,1994,3.8,14,10,5,6,3,9,13,69.2,4,5,2,3,6,20,8,0
Aurele Amenda,SUI,DF,Eint Frankfurt,Bundesliga,21-078,2003,0.6,0,0,0,0,0,0,0,,0,2,2,0,1,1,4,0
Kelvin Amian,FRA,DF,Nantes,Ligue 1,26-252,1998,5.2,21,12,19,2,0,11,13,84.6,2,6,2,4,1,22,11,0
Michael Amir Murillo,PAN,DF,Marseille,Ligue 1,28-249,1996,7.0,17,10,8,6,3,10,17,58.8,7,4,3,1,5,22,17,0
Nadiem Amiri,GER,MF,Mainz 05,Bundesliga,27-356,1996,4.2,6,1,3,3,0,1,7,14.3,6,5,2,3,2,8,8,0
Samuel Amo-Ameyaw,ENG,DF,Southampton,Premier League,18-091,2006,0.1,0,0,0,0,0,0,0,,0,0,0,0,0,0,0,0
Mathis Amougou,FRA,MF,Saint-Étienne,Ligue 1,18-273,2006,6.0,8,5,6,2,0,4,7,57.1,3,4,0,4,10,18,2,0
Mohamed Amoura,ALG,FW,Wolfsburg,Bundesliga,24-161,2000,3.4,3,1,1,0,2,0,0,,0,4,0,4,0,3,1,0
Sofyan Amrabat,MAR,MF,Fiorentina,Serie A,28-057,1996,2.0,3,2,1,2,0,2,2,100.0,0,1,1,0,0,3,2,0
Joachim Andersen,DEN,DF,Crystal Palace,Premier League,28-139,1996,1.0,1,1,1,0,0,1,2,50.0,1,0,0,0,0,1,7,0
Joachim Andersen,DEN,DF,Fulham,Premier League,28-139,1996,4.0,4,2,4,0,0,3,6,50.0,3,6,4,2,6,10,31,0
Elliot Anderson,ENG,"MF,FW",Nott'ham Forest,Premier League,21-346,2002,4.7,15,12,9,4,2,10,15,66.7,5,14,3,11,4,19,13,0
André,BRA,MF,Wolves,Premier League,23-093,2001,3.5,8,4,4,2,2,5,6,83.3,1,5,2,3,2,10,2,0
Benjamin André,FRA,MF,Lille,Ligue 1,34-075,1990,5.9,19,7,9,9,1,11,19,57.9,8,7,0,7,8,27,6,0
Marcos André,BRA,FW,Valladolid,La Liga,27-363,1996,2.8,0,0,0,0,0,0,2,0.0,2,3,1,2,1,1,2,0
Robert Andrich,GER,"MF,DF",Leverkusen,Bundesliga,30-025,1994,3.5,8,4,2,6,0,3,4,75.0,1,3,1,2,6,14,6,0
Angeliño,ESP,DF,Roma,Serie A,27-287,1997,6.8,13,3,3,8,2,3,4,75.0,1,4,3,1,6,19,23,0
Lorenzo Anghelè,ITA,FW,Juventus,Serie A,19-234,2005,0.1,0,0,0,0,0,0,0,,0,0,0,0,0,0,0,0
Faustino Anjorin,ENG,MF,Empoli,Serie A,22-329,2001,2.4,6,1,3,3,0,1,4,25.0,3,5,1,4,0,6,5,0
Waldemar Anton,GER,DF,Dortmund,Bundesliga,28-089,1996,6.0,12,9,7,4,1,4,5,80.0,1,11,8,3,6,18,25,1
Michail Antonio,JAM,FW,West Ham,Premier League,34-203,1990,4.8,0,0,0,0,0,0,1,0.0,1,2,0,2,0,0,1,0
Antoniu,ESP,MF,Espanyol,La Liga,22-042,2002,0.4,3,0,1,1,1,1,1,100.0,0,0,0,0,1,4,2,1
Antony,BRA,FW,Manchester Utd,Premier League,24-236,2000,0.3,2,0,2,0,0,1,3,33.3,2,1,0,1,1,3,0,0
Anuar,MAR,FW,Valladolid,La Liga,29-276,1995,0.3,0,0,0,0,0,0,0,,0,0,0,0,1,1,0,0
Dennis Appiah,FRA,DF,Saint-Étienne,Ligue 1,32-130,1992,4.9,14,12,9,5,0,10,22,45.5,12,7,4,3,4,18,18,0
Aritz Arambarri,ESP,DF,Leganés,La Liga,26-260,1998,2.0,1,1,1,0,0,1,1,100.0,0,2,2,0,3,4,8,0
Mauro Arambarri,URU,"MF,FW",Getafe,La Liga,29-017,1995,5.2,8,4,1,5,2,3,8,37.5,5,6,1,5,2,10,11,0
Jon Aramburu,VEN,DF,Real Sociedad,La Liga,22-086,2002,4.8,24,18,14,6,4,15,19,78.9,4,9,2,7,1,25,19,0
Julian Araujo,MEX,DF,Bournemouth,Premier League,23-065,2001,3.0,5,2,3,2,0,3,9,33.3,6,1,0,1,3,8,9,0
Cameron Archer,ENG,FW,Southampton,Premier League,23-088,2001,3.2,4,2,1,1,2,1,2,50.0,1,1,0,1,1,5,0,0
Carlens Arcus,HAI,DF,Angers,Ligue 1,28-111,1996,5.3,14,6,8,5,1,8,18,44.4,10,8,1,7,10,24,8,1
Alphonse Areola,FRA,GK,West Ham,Premier League,31-233,1993,6.5,1,1,1,0,0,1,2,50.0,1,0,0,0,0,1,3,0
Adu Ares,ESP,FW,Athletic Club,La Liga,23-005,2001,0.2,0,0,0,0,0,0,1,0.0,1,0,0,0,0,0,0,0
Jesús Areso,ESP,DF,Osasuna,La Liga,25-107,1999,7.8,9,7,6,2,1,8,13,61.5,5,9,2,7,3,12,19,0
Joe Aribo,NGA,MF,Southampton,Premier League,28-088,1996,4.0,6,4,1,3,2,2,3,66.7,1,3,3,0,4,10,4,0
Adam Armstrong,ENG,FW,Southampton,Premier League,27-250,1997,2.6,3,1,1,1,1,1,4,25.0,3,1,0,1,2,5,1,0
Harrison Armstrong,ENG,MF,Everton,Premier League,17-272,2007,0.0,0,0,0,0,0,0,1,0.0,1,0,0,0,0,0,0,0
José Arnaiz,ESP,FW,Osasuna,La Liga,29-185,1995,0.2,1,1,1,0,0,0,0,,0,0,0,0,0,1,0,0
Hákon Arnar Haraldsson,ISL,MF,Lille,Ligue 1,21-190,2003,1.9,5,2,2,2,1,3,7,42.9,4,0,0,0,1,6,0,0
Marko Arnautović,AUT,FW,Inter,Serie A,35-181,1989,0.4,2,2,1,1,0,1,1,100.0,0,0,0,0,0,2,1,0
Maximilian Arnold,GER,MF,Wolfsburg,Bundesliga,30-143,1994,5.9,11,8,3,6,2,4,9,44.4,5,5,4,1,2,13,17,0
Jann-Fiete Arp,GER,"FW,MF",Holstein Kiel,Bundesliga,24-285,2000,2.0,5,4,3,1,1,1,3,33.3,2,1,0,1,0,5,0,0
Kepa Arrizabalaga,ESP,GK,Bournemouth,Premier League,30-014,1994,4.0,0,0,0,0,0,0,1,0.0,1,0,0,0,0,0,3,1
Arthur,BRA,DF,Leverkusen,Bundesliga,21-214,2003,0.1,0,0,0,0,0,0,0,,0,0,0,0,1,1,1,0
Takuma Asano,JPN,FW,Mallorca,La Liga,29-342,1994,3.5,5,3,1,3,1,2,3,66.7,1,3,0,3,2,7,4,0
Marco Asensio,ESP,"FW,MF",Paris S-G,Ligue 1,28-270,1996,3.1,1,1,0,1,0,0,3,0.0,3,1,0,1,0,1,0,0
Kristjan Asllani,ALB,MF,Inter,Serie A,22-222,2002,1.6,4,0,3,1,0,2,6,33.3,4,3,1,2,1,5,3,0
Iago Aspas,ESP,"FW,MF",Celta Vigo,La Liga,37-077,1987,7.0,6,3,2,2,2,5,10,50.0,5,5,0,5,1,7,4,0
Yaser Asprilla,COL,"FW,MF",Girona,La Liga,20-333,2003,3.8,8,4,4,3,1,3,7,42.9,4,0,0,0,3,11,4,0
Lorenz Assignon,TOG,"DF,MF",Rennes,Ligue 1,24-117,2000,4.5,6,4,2,4,0,4,7,57.1,3,6,3,3,7,13,21,0
Dehmaine Assoumani,FRA,"MF,FW",Nantes,Ligue 1,19-183,2005,0.4,4,1,0,2,2,2,2,100.0,0,0,0,0,0,4,1,0
Valentin Atangana Edoa,FRA,MF,Reims,Ligue 1,19-053,2005,6.6,14,9,7,6,1,5,8,62.5,3,6,3,3,9,23,10,0
Arthur Atta,FRA,MF,Udinese,Serie A,21-277,2003,0.3,2,2,0,1,1,0,0,,0,0,0,0,0,2,0,0
Noah Atubolu,GER,GK,Freiburg,Bundesliga,22-145,2002,4.0,0,0,0,0,0,0,0,,0,0,0,0,0,0,2,1
Emil Audero,ITA,GK,Como,Serie A,27-273,1997,4.0,0,0,0,0,0,0,0,,0,0,0,0,0,0,2,0
Tommaso Augello,ITA,"DF,FW",Cagliari,Serie A,30-048,1994,5.5,10,5,5,3,2,7,9,77.8,2,8,3,5,5,15,26,0
Carlos Augusto,BRA,DF,Inter,Serie A,25-284,1999,2.1,3,2,2,1,0,2,4,50.0,2,1,1,0,1,4,6,0
Yann Aurel Bisseck,GER,DF,Inter,Serie A,23-323,2000,2.5,1,1,1,0,0,1,2,50.0,1,0,0,0,3,4,9,1
Ezequiel Ávila,ARG,FW,Betis,La Liga,30-254,1994,2.3,3,1,1,1,1,1,3,33.3,2,2,0,2,1,4,1,0
Taiwo Awoniyi,NGA,FW,Nott'ham Forest,Premier League,27-066,1997,0.9,1,0,0,1,0,1,1,100.0,0,1,0,1,0,1,2,0
Yasin Ayari,SWE,MF,Brighton,Premier League,21-011,2003,2.2,9,5,1,7,1,3,6,50.0,3,2,1,1,2,11,0,0
Florian Ayé,FRA,FW,Auxerre,Ligue 1,27-272,1997,1.7,0,0,0,0,0,0,1,0.0,1,3,0,3,1,1,3,0
Jordan Ayew,GHA,"FW,MF",Crystal Palace,Premier League,33-036,1991,0.2,1,0,0,0,1,0,0,,0,0,0,0,0,1,0,0
Jordan Ayew,GHA,"FW,MF",Leicester City,Premier League,33-036,1991,4.0,8,4,3,4,1,1,4,25.0,3,4,0,4,3,11,1,0
Neil El Aynaoui,FRA,MF,Lens,Ligue 1,23-107,2001,0.1,0,0,0,0,0,0,0,,0,0,0,0,0,0,0,0
César Azpilicueta,ESP,DF,Atlético Madrid,La Liga,35-050,1989,4.3,8,3,4,4,0,8,12,66.7,4,2,1,1,1,9,11,0
Paulo Azzi,BRA,DF,Cagliari,Serie A,30-094,1994,3.7,8,7,1,6,1,3,5,60.0,2,4,2,2,4,12,8,0
Shavy Babicka,GAB,MF,Toulouse,Ligue 1,24-138,2000,3.0,7,6,3,3,1,4,5,80.0,1,1,0,1,0,7,0,1
Aliou Badara Baldé,GUI,"MF,FW",Bochum,Bundesliga,21-310,2002,1.0,1,1,1,0,0,0,0,,0,2,0,2,0,1,0,0
Loïc Bade,FRA,DF,Sevilla,La Liga,24-189,2000,6.2,12,8,10,2,0,5,6,83.3,1,2,1,1,5,17,33,1
Milan Badelj,CRO,MF,Genoa,Serie A,35-235,1989,4.4,5,3,2,3,0,3,6,50.0,3,5,3,2,3,8,5,0
Alex Baena,ESP,"MF,FW",Villarreal,La Liga,23-089,2001,6.4,2,1,0,1,1,1,5,20.0,4,10,1,9,7,9,2,0
Leon Bailey,JAM,"FW,MF",Aston Villa,Premier League,27-069,1997,3.9,2,0,0,1,1,0,0,,0,1,0,1,0,2,4,0
Eric Bailly,CIV,DF,Villarreal,La Liga,30-188,1994,5.4,9,2,5,4,0,2,3,66.7,1,8,3,5,5,14,19,0
Theo Bair,CAN,FW,Auxerre,Ligue 1,25-051,1999,2.4,1,0,0,1,0,0,0,,0,2,1,1,0,1,2,0
Cédric Bakambu,COD,FW,Betis,La Liga,33-189,1991,1.5,0,0,0,0,0,0,0,,0,2,0,2,0,0,0,0
Mitchel Bakker,NED,MF,Atalanta,Serie A,24-119,2000,0.2,1,0,1,0,0,1,1,100.0,0,0,0,0,0,1,0,0
Mitchel Bakker,NED,DF,Lille,Ligue 1,24-119,2000,0.8,5,4,1,2,2,2,2,100.0,0,0,0,0,5,10,2,0
Ridle Baku,GER,"FW,MF",Wolfsburg,Bundesliga,26-192,1998,4.4,7,5,1,4,2,3,9,33.3,6,10,0,10,5,12,5,0
Dilane Bakwa,FRA,"FW,MF",Strasbourg,Ligue 1,22-052,2002,6.8,8,5,5,1,2,4,7,57.1,3,5,0,5,3,11,8,0
Tommaso Baldanzi,ITA,"MF,DF",Roma,Serie A,21-208,2003,1.7,5,1,3,1,1,0,1,0.0,1,2,0,2,1,6,2,0
Alejandro Balde,ESP,DF,Barcelona,La Liga,20-365,2003,6.1,5,4,2,2,1,3,4,75.0,1,3,2,1,2,7,9,0
Carlos Baleba,CMR,MF,Brighton,Premier League,20-288,2004,4.7,15,8,1,8,6,8,13,61.5,5,6,1,5,10,25,1,0
Leonardo Balerdi,ARG,DF,Marseille,Ligue 1,25-265,1999,3.0,4,4,3,1,0,2,3,66.7,1,4,4,0,3,7,8,1
Iván Balliu,ALB,DF,Rayo Vallecano,La Liga,32-290,1992,5.5,9,7,2,4,3,3,8,37.5,5,2,1,1,5,14,15,0
Botond Balogh,HUN,DF,Parma,Serie A,22-133,2002,6.4,13,4,9,4,0,10,11,90.9,1,14,10,4,8,21,46,1
Folarin Balogun,USA,FW,Monaco,Ligue 1,23-106,2001,4.5,0,0,0,0,0,0,2,0.0,2,0,0,0,0,0,0,0
Abdoulaye Bamba,CIV,DF,Angers,Ligue 1,34-175,1990,2.7,5,2,4,1,0,2,3,66.7,1,1,1,0,4,9,12,0
Jonathan Bamba,CIV,"FW,MF",Celta Vigo,La Liga,28-205,1996,2.8,4,1,1,2,1,2,4,50.0,2,2,0,2,3,7,3,0
Samuel Bamba,GER,"FW,MF",Bochum,Bundesliga,20-247,2004,0.1,0,0,0,0,0,0,0,,0,0,0,0,0,0,0,0
Lameck Banda,ZAM,"FW,MF",Lecce,Serie A,23-262,2001,2.7,2,2,2,0,0,1,3,33.3,2,4,0,4,1,3,3,0
Daniel Bandeira,POR,MF,Hellas Verona,Serie A,24-189,2000,2.7,4,0,1,3,0,3,5,60.0,2,2,1,1,6,10,6,0
Mattia Bani,ITA,DF,Genoa,Serie A,30-312,1993,4.0,2,1,2,0,0,1,1,100.0,0,3,2,1,8,10,12,0
Scott Banks,SCO,"FW,MF",St. Pauli,Bundesliga,23-021,2001,0.3,0,0,0,0,0,0,0,,0,0,0,0,1,1,1,0
Antonín Barák,CZE,MF,Fiorentina,Serie A,29-319,1994,0.6,2,0,0,2,0,0,2,0.0,2,1,1,0,0,2,0,0
Federico Barba,ITA,DF,Como,Serie A,31-046,1993,2.0,0,0,0,0,0,0,1,0.0,1,1,1,0,3,3,9,0
Valentín Barco,ARG,DF,Sevilla,La Liga,20-086,2004,2.8,14,8,7,3,4,11,14,78.6,3,0,0,0,2,16,5,0
Bradley Barcola,FRA,FW,Paris S-G,Ligue 1,22-045,2002,5.2,8,4,5,2,1,1,6,16.7,5,6,0,6,2,10,1,0
Melvin Bard,FRA,"MF,DF",Nice,Ligue 1,23-346,2000,3.7,8,4,4,4,0,3,6,50.0,3,7,2,5,2,10,4,1
Nicolò Barella,ITA,MF,Inter,Serie A,27-253,1997,3.5,3,3,2,0,1,1,10,10.0,9,5,0,5,1,4,0,0
Gabriel Bares,SUI,MF,Montpellier,Ligue 1,24-049,2000,0.3,1,1,1,0,0,1,2,50.0,1,0,0,0,1,2,1,0
Ross Barkley,ENG,MF,Aston Villa,Premier League,30-317,1993,2.4,5,2,3,2,0,4,6,66.7,2,3,1,2,1,6,2,0
Aymen Barkok,MAR,MF,Mainz 05,Bundesliga,26-149,1998,0.8,2,1,1,1,0,1,1,100.0,0,1,1,0,2,4,0,0
Harvey Barnes,ENG,FW,Newcastle Utd,Premier League,26-313,1997,4.3,5,3,2,2,1,2,2,100.0,0,1,0,1,3,8,4,0
Enzo Barrenechea,ARG,MF,Valencia,La Liga,23-148,2001,2.3,5,1,3,2,0,3,6,50.0,3,3,0,3,2,7,7,0
Ander Barrenetxea,ESP,"MF,FW",Real Sociedad,La Liga,22-295,2001,3.1,5,4,0,4,1,0,4,0.0,4,4,0,4,4,9,7,0
Pablo Barrios,ESP,MF,Atlético Madrid,La Liga,21-124,2003,4.5,9,5,4,5,0,4,11,36.4,7,1,1,0,7,16,5,2
Thierno Barry,FRA,FW,Villarreal,La Liga,21-362,2002,6.0,1,0,0,1,0,1,3,33.3,2,3,0,3,0,1,4,0
Davide Bartesaghi,ITA,DF,Milan,Serie A,18-293,2005,0.1,0,0,0,0,0,0,0,,0,0,0,0,0,0,0,0
Marc Bartra,ESP,DF,Betis,La Liga,33-276,1991,1.9,2,2,2,0,0,2,2,100.0,0,4,3,1,2,4,5,0
Federico Baschirotto,ITA,DF,Lecce,Serie A,28-027,1996,7.0,8,6,7,1,0,5,6,83.3,1,12,9,3,8,16,25,0
Daniele Baselli,ITA,MF,Como,Serie A,32-219,1992,0.2,0,0,0,0,0,0,0,,0,0,0,0,1,1,1,0
Calvin Bassey,NGA,DF,Fulham,Premier League,24-291,1999,7.0,7,5,5,2,0,1,2,50.0,1,14,9,5,2,9,28,1
Aboubacar Bassinga,CIV,MF,Las Palmas,La Liga,19-096,2005,0.0,0,0,0,0,0,0,0,,0,0,0,0,0,0,0,0
Alessandro Bastoni,ITA,DF,Inter,Serie A,25-187,1999,5.3,7,4,4,2,1,5,8,62.5,3,2,0,2,6,13,10,0
Augusto Batalla,ARG,GK,Rayo Vallecano,La Liga,28-170,1996,5.0,0,0,0,0,0,0,1,0.0,1,0,0,0,0,0,2,1
Dylan Batubinsika,COD,DF,Saint-Étienne,Ligue 1,28-245,1996,7.0,11,6,9,2,0,5,7,71.4,2,7,3,4,15,26,38,0
Maximilian Bauer,GER,DF,Augsburg,Bundesliga,24-251,2000,3.8,9,4,4,4,1,5,9,55.6,4,5,1,4,4,13,23,1
Oliver Baumann,GER,GK,Hoffenheim,Bundesliga,34-137,1990,6.0,0,0,0,0,0,0,1,0.0,1,0,0,0,0,0,4,0
Christoph Baumgartner,AUT,"MF,DF",RB Leipzig,Bundesliga,25-077,1999,1.3,2,2,1,1,0,2,7,28.6,5,3,1,2,0,2,2,0
Adrian Beck,GER,"FW,MF",Heidenheim,Bundesliga,27-130,1997,2.6,3,2,1,2,0,0,5,0.0,5,9,0,9,4,7,5,0
Sheraldo Becker,SUR,"FW,MF",Real Sociedad,La Liga,29-251,1995,5.5,1,1,0,1,0,0,2,0.0,2,3,0,3,1,2,7,0
Timo Becker,GER,DF,Holstein Kiel,Bundesliga,27-206,1997,6.0,11,5,7,4,0,6,10,60.0,4,8,6,2,4,15,17,0
Jan Bednarek,POL,DF,Southampton,Premier League,28-188,1996,6.9,7,3,5,2,0,3,7,42.9,4,13,11,2,11,18,39,1
Donny van de Beek,NED,"MF,FW",Girona,La Liga,27-182,1997,2.3,3,1,2,1,0,1,2,50.0,1,5,0,5,0,3,4,0
Kevin Behrens,GER,FW,Wolfsburg,Bundesliga,33-257,1991,0.5,1,1,0,1,0,0,1,0.0,1,0,0,0,0,1,0,0
Maximilian Beier,GER,FW,Dortmund,Bundesliga,22-000,2002,2.5,3,1,0,2,1,2,4,50.0,2,2,0,2,0,3,2,0
Reda Belahyane,MAR,MF,Hellas Verona,Serie A,20-138,2004,6.8,13,9,5,5,3,5,5,100.0,0,6,4,2,3,16,6,0
Haris Belkebla,ALG,MF,Angers,Ligue 1,30-263,1994,3.9,8,6,6,2,0,3,8,37.5,5,5,1,4,2,10,4,1
Yassin Belkhdim,FRA,MF,Angers,Ligue 1,22-246,2002,3.2,11,5,3,5,3,3,5,60.0,2,5,1,4,6,17,4,0
Stefan Bell,GER,DF,Mainz 05,Bundesliga,33-054,1991,1.8,4,2,3,1,0,0,2,0.0,2,1,1,0,5,9,12,0
Raoul Bellanova,ITA,DF,Torino,Serie A,24-153,2000,1.0,0,0,0,0,0,0,1,0.0,1,0,0,0,0,0,4,0
Raoul Bellanova,ITA,DF,Atalanta,Serie A,24-153,2000,4.2,4,2,0,3,1,1,1,100.0,0,2,0,2,3,7,5,0
Jean-Ricner Bellegarde,FRA,"MF,FW",Wolves,Premier League,26-112,1998,4.5,6,4,2,2,2,2,3,66.7,1,5,0,5,4,10,1,0
Héctor Bellerín,ESP,DF,Betis,La Liga,29-212,1995,4.3,11,6,6,3,2,8,12,66.7,4,2,1,1,2,13,14,0
Jude Bellingham,ENG,MF,Real Madrid,La Liga,21-110,2003,4.9,14,9,7,4,3,7,9,77.8,2,9,0,9,6,20,3,0
Jeanuël Belocian,FRA,DF,Leverkusen,Bundesliga,19-243,2005,0.5,1,1,1,0,0,1,1,100.0,0,0,0,0,0,1,2,0
Andrea Belotti,ITA,FW,Como,Serie A,30-302,1993,2.3,4,3,1,2,1,0,2,0.0,2,1,0,1,1,5,2,0
Fran Beltrán,ESP,MF,Celta Vigo,La Liga,25-257,1999,5.6,11,6,6,4,1,5,9,55.6,4,7,3,4,4,15,7,0
Lucas Beltrán,ARG,"MF,FW",Fiorentina,Serie A,23-202,2001,1.0,0,0,0,0,0,0,0,,0,1,0,1,0,0,0,0
Eliesse Ben Seghir,MAR,"MF,FW",Monaco,Ligue 1,19-244,2005,5.1,15,12,4,7,4,9,12,75.0,3,7,0,7,0,15,1,0
Carlos Benavídez,URU,MF,Alavés,La Liga,26-201,1998,2.4,5,3,2,2,1,0,3,0.0,3,1,1,0,5,10,3,1
László Bénes,SVK,"MF,FW",Union Berlin,Bundesliga,27-038,1997,1.5,0,0,0,0,0,0,1,0.0,1,1,1,0,0,0,1,0
Iker Benito,ESP,"FW,MF",Osasuna,La Liga,22-068,2002,0.4,0,0,0,0,0,0,1,0.0,1,0,0,0,1,1,2,0
Ismaël Bennacer,ALG,MF,Milan,Serie A,26-321,1997,0.6,1,1,0,1,0,0,0,,0,0,0,0,0,1,0,0
Saïd Benrahma,ALG,"FW,MF",Lyon,Ligue 1,29-068,1995,3.8,3,2,1,1,1,2,5,40.0,3,4,0,4,1,4,0,0
Ramy Bensebaini,ALG,"DF,FW",Dortmund,Bundesliga,29-184,1995,2.0,1,0,1,0,0,0,3,0.0,3,7,0,7,3,4,5,1
Rodrigo Bentancur,URU,MF,Tottenham,Premier League,27-114,1997,4.3,8,6,4,4,0,5,7,71.4,2,4,0,4,11,19,4,0
Lucas Beraldo,BRA,DF,Paris S-G,Ligue 1,20-328,2003,4.9,10,9,9,1,0,7,13,53.8,6,4,0,4,3,13,8,0
Yuri Berchiche,ESP,DF,Athletic Club,La Liga,34-250,1990,5.4,8,5,6,1,1,4,9,44.4,5,7,2,5,5,13,14,0
Álex Berenguer,ESP,FW,Athletic Club,La Liga,29-105,1995,5.6,6,2,2,2,2,4,7,57.1,3,5,2,3,4,10,3,0
Sander Berge,NOR,MF,Fulham,Premier League,26-246,1998,1.9,5,2,2,3,0,0,0,,0,4,1,3,4,9,4,0
Lucas Bergvall,SWE,"MF,FW",Tottenham,Premier League,18-258,2006,0.6,5,2,0,3,2,5,7,71.4,2,0,0,0,0,5,0,0
Medon Berisha,ALB,"MF,FW",Lecce,Serie A,20-362,2003,0.9,2,1,1,1,0,1,1,100.0,0,0,0,0,0,2,0,0
Mergim Berisha,GER,FW,Hoffenheim,Bundesliga,26-159,1998,2.4,1,1,1,0,0,0,2,0.0,2,0,0,0,0,1,2,0
Adrian Bernabe,ESP,MF,Parma,Serie A,23-144,2001,6.9,14,10,11,3,0,9,18,50.0,9,16,9,7,5,19,11,0
Marc Bernal,ESP,MF,Barcelona,La Liga,17-144,2007,2.7,8,6,2,5,1,7,8,87.5,1,5,1,4,1,9,4,0
Juan Bernat,ESP,"DF,MF",Villarreal,La Liga,31-230,1993,0.3,2,1,1,0,1,1,2,50.0,1,1,0,1,0,2,0,0
Alexander Bernhardsson,SWE,"DF,FW",Holstein Kiel,Bundesliga,26-039,1998,1.7,1,1,0,0,1,1,1,100.0,0,2,0,2,0,1,2,0
Victor Bernth Kristiansen,DEN,DF,Leicester City,Premier League,21-306,2002,6.9,19,13,13,6,0,8,16,50.0,8,14,6,8,10,29,23,0
Matúš Bero,SVK,MF,Bochum,Bundesliga,29-041,1995,5.7,11,6,5,2,4,5,16,31.3,11,12,2,10,2,13,6,1
Juan Berrocal,ESP,DF,Getafe,La Liga,25-166,1999,4.9,8,3,6,2,0,6,8,75.0,2,0,0,0,6,14,25,0
Dimitry Bertaud,COD,GK,Montpellier,Ligue 1,26-133,1998,3.0,0,0,0,0,0,0,0,,0,0,0,0,0,0,2,0
Beto,GNB,FW,Everton,Premier League,26-260,1998,0.5,1,0,0,0,1,0,0,,0,1,0,1,0,1,0,0
Sam Beukema,NED,DF,Bologna,Serie A,25-335,1998,6.5,10,4,4,5,1,3,9,33.3,6,6,4,2,6,16,14,0
Alessandro Bianco,ITA,MF,Monza,Serie A,22-016,2002,2.8,7,6,4,3,0,3,3,100.0,0,2,0,2,1,8,4,1
Alessandro Bianco,ITA,MF,Fiorentina,Serie A,22-016,2002,0.2,0,0,0,0,0,0,1,0.0,1,0,0,0,0,0,0,0
Jaka Bijol,SVN,DF,Udinese,Serie A,25-255,1999,7.0,16,9,12,4,0,10,14,71.4,4,12,7,5,10,26,33,1
El Bilal Touré,MLI,FW,Stuttgart,Bundesliga,23-014,2001,1.4,2,1,0,1,1,2,2,100.0,0,1,0,1,0,2,0,0
Philip Billing,DEN,MF,Bournemouth,Premier League,28-128,1996,0.3,1,0,1,0,0,0,0,,0,0,0,0,1,2,0,0
Cristiano Biraghi,ITA,DF,Fiorentina,Serie A,32-046,1992,4.7,4,4,1,3,0,2,7,28.6,5,2,0,2,4,8,9,0
Samuele Birindelli,ITA,DF,Monza,Serie A,25-090,1999,1.9,4,4,2,2,0,1,1,100.0,0,2,1,1,0,4,2,0
Tom Bischof,GER,MF,Hoffenheim,Bundesliga,19-111,2005,2.8,13,6,5,8,0,4,6,66.7,2,5,3,2,3,16,8,0
Yves Bissouma,MLI,MF,Tottenham,Premier League,28-048,1996,2.1,5,4,2,3,0,4,7,57.1,3,2,0,2,2,7,3,0
Leonardo Bittencourt,GER,MF,Werder Bremen,Bundesliga,30-303,1993,0.4,0,0,0,0,0,0,0,,0,1,0,1,0,0,0,0
Emmanuel Biumla,FRA,DF,Angers,Ligue 1,19-162,2005,4.1,10,5,6,4,0,8,10,80.0,2,5,1,4,4,14,12,0
Marco Bizot,NED,GK,Brest,Ligue 1,33-221,1991,7.0,0,0,0,0,0,0,0,,0,0,0,0,0,0,5,0
Antonio Blanco,ESP,MF,Alavés,La Liga,24-086,2000,5.8,11,7,4,7,0,8,14,57.1,6,8,2,6,7,18,4,0
Ludovic Blas,FRA,"FW,MF",Rennes,Ligue 1,26-291,1997,6.6,7,6,2,3,2,6,12,50.0,6,7,2,5,3,10,2,0
Daley Blind,NED,DF,Girona,La Liga,34-222,1990,7.6,15,8,7,7,1,9,9,100.0,0,12,4,8,10,25,22,0
Myron Boadu,NED,FW,Bochum,Bundesliga,23-277,2001,3.9,0,0,0,0,0,0,1,0.0,1,1,0,1,0,0,3,0
Augustine Boakye,GHA,"MF,FW",Saint-Étienne,Ligue 1,23-349,2000,0.6,3,1,1,2,0,2,4,50.0,2,0,0,0,0,3,0,0
Sacha Boey,FRA,DF,Bayern Munich,Bundesliga,24-034,2000,1.4,3,0,2,0,1,2,3,66.7,1,1,0,1,0,3,4,0
Jeremie Boga,CIV,"MF,FW",Nice,Ligue 1,27-288,1997,2.7,1,1,0,1,0,0,1,0.0,1,2,0,2,0,1,0,0
Lamare Bogarde,NED,DF,Aston Villa,Premier League,20-286,2004,1.9,8,4,2,5,1,5,9,55.6,4,1,0,1,1,9,4,0
Emil Bohinen,NOR,MF,Genoa,Serie A,25-219,1999,1.8,4,4,3,0,1,2,5,40.0,3,2,0,2,1,5,6,0
Adama Boiro,ESP,DF,Athletic Club,La Liga,22-117,2002,2.4,7,4,3,4,0,2,3,66.7,1,4,3,1,3,10,6,0
Willy Boly,CIV,DF,Nott'ham Forest,Premier League,33-257,1991,1.0,4,0,3,1,0,3,3,100.0,0,3,1,2,1,5,8,0
Moïse Bombito,CAN,DF,Nice,Ligue 1,24-201,2000,4.7,7,6,4,3,0,4,6,66.7,2,5,5,0,5,12,26,1
Warren Bondo,FRA,MF,Monza,Serie A,21-032,2003,6.1,11,6,9,1,1,4,7,57.1,3,6,2,4,2,13,2,1
Victor Boniface,NGA,FW,Leverkusen,Bundesliga,23-299,2000,4.6,2,2,0,2,0,1,1,100.0,0,1,0,1,0,2,3,0
Ange-Yoan Bonny,FRA,FW,Parma,Serie A,20-358,2003,5.9,6,4,1,5,0,1,4,25.0,3,1,0,1,0,6,2,0
Sebastiaan Bornauw,BEL,DF,Wolfsburg,Bundesliga,25-209,1999,6.0,5,3,2,2,1,1,4,25.0,3,11,11,0,8,13,25,0
Ayyoub Bouaddi,FRA,MF,Lille,Ligue 1,17-015,2007,1.5,11,7,7,3,1,4,7,57.1,3,2,0,2,0,11,0,0
Badredine Bouanani,ALG,"FW,MF",Nice,Ligue 1,19-314,2004,2.9,0,0,0,0,0,0,2,0.0,2,3,0,3,3,3,0,0
Benjamin Bouchouari,MAR,MF,Saint-Étienne,Ligue 1,22-339,2001,0.5,2,1,1,1,0,1,5,20.0,4,0,0,0,0,2,1,0
Hicham Boudaoui,ALG,MF,Nice,Ligue 1,25-024,1999,5.0,18,9,12,3,3,9,16,56.3,7,7,2,5,4,22,4,0
Carlo Boukhalfa,MAR,MF,St. Pauli,Bundesliga,25-167,1999,2.6,6,1,0,5,1,0,2,0.0,2,3,0,3,3,9,2,0
Benjamin Bourigeaud,FRA,MF,Rennes,Ligue 1,30-277,1994,0.9,1,0,0,1,0,0,2,0.0,2,2,1,1,2,3,1,0
Edoardo Bove,ITA,"MF,FW",Fiorentina,Serie A,22-154,2002,4.2,10,7,5,5,0,6,14,42.9,8,4,0,4,3,13,4,0
Jarrod Bowen,ENG,"MF,FW",West Ham,Premier League,27-302,1996,6.7,8,4,2,3,3,1,8,12.5,7,6,1,5,2,10,9,0
Enzo Boyomo,CMR,DF,Osasuna,La Liga,23-010,2001,6.0,14,11,10,3,1,6,7,85.7,1,10,6,4,5,19,31,0
Enzo Boyomo,CMR,DF,Valladolid,La Liga,23-010,2001,3.0,6,2,4,2,0,3,3,100.0,0,4,3,1,1,7,7,0
Domagoj Bradarić,CRO,DF,Hellas Verona,Serie A,24-312,1999,1.0,0,0,0,0,0,0,2,0.0,2,0,0,0,0,0,1,0
Conor Bradley,NIR,DF,Liverpool,Premier League,21-100,2003,0.9,0,0,0,0,0,0,1,0.0,1,0,0,0,2,2,5,0
Bilal Brahimi,ALG,MF,Nice,Ligue 1,24-217,2000,0.8,0,0,0,0,0,0,0,,0,1,0,1,0,0,2,0
Julian Brandt,GER,MF,Dortmund,Bundesliga,28-168,1996,5.2,3,0,2,1,0,1,2,50.0,1,2,0,2,1,4,3,0
Jarrad Branthwaite,ENG,DF,Everton,Premier League,22-112,2002,1.0,2,2,1,1,0,0,0,,0,1,0,1,3,5,5,0
Darko Brašanac,SRB,MF,Leganés,La Liga,32-248,1992,5.6,8,2,2,4,2,2,3,66.7,1,6,5,1,3,11,16,0
Lilian Brassier,FRA,DF,Marseille,Ligue 1,24-350,1999,5.0,5,4,5,0,0,3,4,75.0,1,6,2,4,4,9,20,0
Matthias Braunöder,AUT,MF,Como,Serie A,22-204,2002,1.5,5,2,3,1,1,5,7,71.4,2,0,0,0,0,5,3,0
Iker Bravo,ESP,"MF,FW",Udinese,Serie A,19-278,2005,0.6,1,1,0,1,0,0,1,0.0,1,0,0,0,0,1,1,0
Tim Breithaupt,GER,MF,Augsburg,Bundesliga,22-253,2002,1.3,1,1,0,1,0,0,4,0.0,4,1,0,1,2,3,0,0
Gleison Bremer,BRA,DF,Juventus,Serie A,27-213,1997,6.0,15,7,9,5,1,4,5,80.0,1,15,11,4,6,21,16,0
Brenner,BRA,"MF,FW",Udinese,Serie A,24-275,2000,4.1,5,3,1,3,1,2,7,28.6,5,4,0,4,1,6,5,0
Ben Brereton,CHI,FW,Southampton,Premier League,25-182,1999,4.3,2,2,0,1,1,1,8,12.5,7,2,1,1,0,2,3,0
Marco Brescianini,ITA,MF,Atalanta,Serie A,24-271,2000,4.1,2,1,1,1,0,1,2,50.0,1,5,1,4,0,2,2,0
Maximilian Breunig,GER,"FW,MF",Heidenheim,Bundesliga,24-064,2000,2.5,4,3,1,2,1,3,4,75.0,1,4,2,2,1,5,3,0
David Brooks,WAL,MF,Bournemouth,Premier League,27-101,1997,0.1,0,0,0,0,0,0,0,,0,0,0,0,0,0,0,0
Moritz Broschinski,GER,FW,Bochum,Bundesliga,24-024,2000,3.1,3,2,1,2,0,0,3,0.0,3,3,0,3,0,3,4,0
Jacob Bruun Larsen,DEN,"DF,FW",Hoffenheim,Bundesliga,26-028,1998,1.0,1,0,1,0,0,1,2,50.0,1,3,0,3,1,2,1,0
Ante Budimir,CRO,FW,Osasuna,La Liga,33-087,1991,6.6,6,2,1,5,0,1,3,33.3,2,6,1,5,1,7,5,0
Emi Buendía,ARG,"MF,FW",Aston Villa,Premier League,27-297,1996,0.2,1,1,1,0,0,0,1,0.0,1,2,0,2,0,1,0,0
Santiago Bueno,URU,DF,Wolves,Premier League,25-343,1998,0.9,3,2,2,1,0,2,2,100.0,0,2,0,2,1,4,6,0
Marius Bülter,GER,FW,Hoffenheim,Bundesliga,31-202,1993,4.8,5,5,1,3,1,5,7,71.4,2,2,1,1,1,6,2,0
Facundo Buonanotte,ARG,"MF,FW",Leicester City,Premier League,19-299,2004,4.1,12,4,4,5,3,6,17,35.3,11,8,1,7,2,14,6,0
Alessandro Buongiorno,ITA,DF,Napoli,Serie A,25-133,1999,6.0,10,7,8,2,0,6,7,85.7,1,13,9,4,2,12,17,0
Jonathan Burkardt,GER,"FW,MF",Mainz 05,Bundesliga,24-098,2000,6.0,0,0,0,0,0,0,2,0.0,2,2,1,1,0,0,7,0
Oliver Burke,SCO,DF,Werder Bremen,Bundesliga,27-193,1997,0.1,0,0,0,0,0,0,0,,0,0,0,0,0,0,0,0
Dan Burn,ENG,DF,Newcastle Utd,Premier League,32-161,1992,7.0,8,4,6,2,0,5,9,55.6,4,7,5,2,5,13,35,1
Wes Burns,WAL,FW,Ipswich Town,Premier League,29-329,1994,3.1,2,2,0,1,1,0,1,0.0,1,3,0,3,0,2,2,1
Marnon Busch,GER,DF,Heidenheim,Bundesliga,29-314,1994,2.7,4,2,3,1,0,4,7,57.1,3,4,3,1,1,5,12,0
Gianluca Busio,USA,MF,Venezia,Serie A,22-142,2002,3.8,5,3,4,1,0,4,6,66.7,2,5,2,3,1,6,9,0
Aurélio Buta,POR,DF,Reims,Ligue 1,27-250,1997,4.7,12,7,10,1,1,9,14,64.3,5,1,0,1,5,17,14,0
Marcin Bułka,POL,GK,Nice,Ligue 1,25-013,1999,7.0,0,0,0,0,0,0,0,,0,0,0,0,0,0,2,2
Pau Cabanes,ESP,MF,Villarreal,La Liga,19-243,2005,0.2,0,0,0,0,0,0,0,,0,0,0,0,0,0,1,0
Rémy Cabella,FRA,"MF,FW",Lille,Ligue 1,34-223,1990,3.0,9,5,1,6,2,6,10,60.0,4,2,0,2,3,12,0,0
Leandro Cabrera,URU,DF,Espanyol,La Liga,33-122,1991,4.5,6,3,4,2,0,2,4,50.0,2,7,6,1,4,10,30,1
Liberato Cacace,NZL,"DF,FW",Empoli,Serie A,24-020,2000,1.2,1,1,1,0,0,1,2,50.0,1,4,2,2,0,1,6,0
Anthony Caci,FRA,DF,Mainz 05,Bundesliga,27-108,1997,5.2,7,4,2,3,2,3,5,60.0,2,7,2,5,6,13,17,1
Mathieu Cafaro,FRA,"MF,FW",Saint-Étienne,Ligue 1,27-206,1997,4.6,4,3,2,1,1,1,7,14.3,6,3,1,2,5,9,2,0
Moisés Caicedo,ECU,MF,Chelsea,Premier League,22-350,2001,6.8,27,16,14,11,2,19,27,70.4,8,11,3,8,10,37,11,0
Tom Cairney,SCO,MF,Fulham,Premier League,33-271,1991,1.1,3,1,1,0,2,1,2,50.0,1,1,0,1,2,5,0,0
Jens Cajuste,SWE,MF,Ipswich Town,Premier League,25-068,1999,0.9,2,1,0,2,0,0,0,,0,0,0,0,0,2,3,0
Davide Calabria,ITA,DF,Milan,Serie A,27-316,1996,1.6,4,2,4,0,0,3,5,60.0,2,0,0,0,3,7,4,0
Riccardo Calafiori,ITA,DF,Arsenal,Premier League,22-151,2002,3.3,9,6,5,3,1,7,11,63.6,4,6,2,4,4,13,7,0
Luca Caldirola,ITA,DF,Monza,Serie A,33-259,1991,2.1,0,0,0,0,0,0,1,0.0,1,1,1,0,0,0,7,0
Fernando Calero,ESP,DF,Espanyol,La Liga,29-033,1995,2.1,4,2,4,0,0,1,2,50.0,1,3,3,0,5,9,20,0
Duje Ćaleta-Car,CRO,DF,Lyon,Ligue 1,28-030,1996,7.0,8,3,5,3,0,2,4,50.0,2,9,8,1,11,19,36,0
Hakan Çalhanoğlu,TUR,MF,Inter,Serie A,30-252,1994,5.1,13,7,1,5,7,5,8,62.5,3,1,1,0,3,16,5,0
Dominic Calvert-Lewin,ENG,FW,Everton,Premier League,27-215,1997,6.6,3,2,1,1,1,0,0,,0,3,1,2,3,6,9,0
Drissa Camara,CIV,FW,Parma,Serie A,22-242,2002,0.3,0,0,0,0,0,0,2,0.0,2,0,0,0,0,0,1,0
Issiaga Camara,GUI,MF,Nice,Ligue 1,19-258,2005,0.0,0,0,0,0,0,0,0,,0,0,0,0,1,1,0,0
Lamine Camara,SEN,MF,Monaco,Ligue 1,20-290,2004,4.7,20,14,8,9,3,8,14,57.1,6,6,3,3,9,29,4,0
Mahdi Camara,FRA,MF,Brest,Ligue 1,26-109,1998,5.8,17,8,2,11,4,6,9,66.7,3,11,1,10,9,26,8,0
Eduardo Camavinga,FRA,MF,Real Madrid,La Liga,21-342,2002,0.8,4,3,1,3,0,3,3,100.0,0,0,0,0,1,5,1,0
Nicolò Cambiaghi,ITA,FW,Bologna,Serie A,23-294,2000,0.2,1,0,0,1,0,0,0,,0,1,0,1,0,1,0,0
Andrea Cambiaso,ITA,"DF,FW",Juventus,Serie A,24-240,2000,6.1,9,5,6,2,1,6,11,54.5,5,2,0,2,2,11,10,0
Axel Camblan,FRA,"MF,FW",Brest,Ligue 1,21-048,2003,0.3,1,1,0,0,1,1,2,50.0,1,1,0,1,0,1,0,0
Sergio Camello,ESP,FW,Rayo Vallecano,La Liga,23-250,2001,5.5,3,0,1,2,0,0,0,,0,4,1,3,3,6,9,0
José Campaña,ESP,MF,Las Palmas,La Liga,31-139,1993,2.3,3,3,1,2,0,2,4,50.0,2,2,0,2,7,10,4,0
Emre Can,GER,"MF,DF",Dortmund,Bundesliga,30-279,1994,4.1,7,3,2,4,1,3,6,50.0,3,5,3,2,2,9,9,1
Peio Canales,ESP,MF,Athletic Club,La Liga,19-274,2005,0.2,1,1,0,0,1,0,0,,0,0,0,0,1,2,1,0
Matteo Cancellieri,ITA,"FW,MF",Parma,Serie A,22-248,2002,2.3,4,3,4,0,0,1,4,25.0,3,1,0,1,1,5,4,0
Antonio Candela,ITA,DF,Venezia,Serie A,24-173,2000,5.9,10,7,6,3,1,6,8,75.0,2,4,3,1,2,12,8,0
Sergi Canós,ESP,"MF,FW",Valencia,La Liga,27-258,1997,1.4,5,4,0,3,2,2,5,40.0,3,2,0,2,2,7,1,0
Jaydee Canvot,FRA,DF,Toulouse,Ligue 1,18-080,2006,0.1,1,1,1,0,0,1,1,100.0,0,0,0,0,0,1,0,0
Pierrick Capelle,FRA,MF,Angers,Ligue 1,37-185,1987,2.0,6,3,3,2,1,3,6,50.0,3,1,1,0,3,9,0,1
Gianluca Caprari,ITA,MF,Monza,Serie A,31-079,1993,2.3,2,1,0,2,0,0,0,,0,2,0,2,1,3,0,0
Elia Caprile,ITA,GK,Napoli,Serie A,23-053,2001,2.6,0,0,0,0,0,0,0,,0,0,0,0,0,0,1,0
Francesco Caputo,ITA,FW,Empoli,Serie A,37-072,1987,0.1,0,0,0,0,0,0,0,,0,0,0,0,0,0,0,0
Maxence Caqueret,FRA,MF,Lyon,Ligue 1,24-245,2000,5.3,18,9,5,9,4,3,18,16.7,15,11,2,9,6,24,1,0
Andrea Carboni,ITA,DF,Monza,Serie A,23-256,2001,4.9,12,7,8,4,0,7,14,50.0,7,6,1,5,6,18,21,0
Franco Carboni,ITA,DF,Venezia,Serie A,21-196,2003,0.0,0,0,0,0,0,0,0,,0,0,0,0,0,0,1,0
Valentin Carboni,ARG,"MF,FW",Marseille,Ligue 1,19-226,2005,1.1,2,2,0,1,1,0,1,0.0,1,1,0,1,1,3,1,0
Cárdenas,ESP,GK,Rayo Vallecano,La Liga,27-203,1997,4.0,0,0,0,0,0,0,0,,0,0,0,0,0,0,3,0
Irvin Cardona,FRA,"MF,FW",Espanyol,La Liga,27-070,1997,3.1,5,4,2,3,0,4,12,33.3,8,4,1,3,3,8,5,0
Marc Cardona,ESP,FW,Las Palmas,La Liga,29-101,1995,0.5,0,0,0,0,0,0,0,,0,0,0,0,0,0,0,0
Sergi Cardona,ESP,DF,Villarreal,La Liga,25-101,1999,8.8,20,13,13,6,1,12,23,52.2,11,19,2,17,8,28,32,0
Johnny Cardoso,USA,MF,Betis,La Liga,23-027,2001,2.7,8,5,2,6,0,4,11,36.4,7,4,1,3,4,12,5,0
Diego Carlos,BRA,DF,Aston Villa,Premier League,31-216,1993,2.9,1,0,1,0,0,0,1,0.0,1,3,2,1,2,3,13,1
Carmona,ESP,DF,Sevilla,La Liga,22-262,2002,8.8,27,19,17,8,2,12,18,66.7,6,7,3,4,17,44,16,0
Marco Carnesecchi,ITA,GK,Atalanta,Serie A,24-108,2000,6.0,0,0,0,0,0,0,0,,0,0,0,0,0,0,4,1
Sergio Carreira,ESP,"MF,DF",Celta Vigo,La Liga,24-004,2000,2.6,6,4,3,2,1,2,4,50.0,2,2,0,2,1,7,9,0
Dani Carvajal,ESP,DF,Real Madrid,La Liga,32-280,1992,6.8,12,8,7,3,2,9,12,75.0,3,8,3,5,10,22,19,1
Fabio Carvalho,POR,"FW,MF",Brentford,Premier League,22-048,2002,2.7,9,6,3,2,4,3,5,60.0,2,5,1,4,2,11,1,0
William Carvalho,POR,MF,Betis,La Liga,32-193,1992,2.7,3,2,0,3,0,2,4,50.0,2,4,1,3,3,6,4,0
Marc Casado,ESP,MF,Barcelona,La Liga,21-033,2003,5.3,14,9,2,8,4,7,13,53.8,6,3,1,2,2,16,8,0
Nicolò Casale,ITA,DF,Bologna,Serie A,26-246,1998,1.8,2,1,1,1,0,1,2,50.0,1,4,3,1,1,3,3,1
Nicolò Casale,ITA,DF,Lazio,Serie A,26-246,1998,1.5,5,3,4,1,0,0,0,,0,4,3,1,1,6,2,0
Casemiro,BRA,MF,Manchester Utd,Premier League,32-237,1992,3.1,13,9,6,4,3,6,10,60.0,4,8,2,6,1,14,6,2
Matty Cash,POL,DF,Aston Villa,Premier League,27-071,1997,2.1,3,1,0,3,0,0,3,0.0,3,2,1,1,2,5,7,0
Josué Casimir,FRA,"FW,DF",Le Havre,Ligue 1,23-023,2001,4.5,7,4,2,3,2,1,4,25.0,3,2,0,2,1,8,7,0
Federico Cassa,ITA,"MF,FW",Atalanta,Serie A,18-259,2006,0.2,0,0,0,0,0,0,0,,0,1,0,1,0,0,0,0
Cristian Cásseres Jr.,VEN,MF,Toulouse,Ligue 1,24-271,2000,5.7,26,17,14,10,2,9,17,52.9,8,9,2,7,8,34,7,0
Timothy Castagne,BEL,DF,Fulham,Premier League,28-317,1995,0.2,4,2,2,2,0,3,4,75.0,1,0,0,0,0,4,0,0
Valentín Castellanos,ARG,FW,Lazio,Serie A,26-014,1998,5.6,4,2,0,1,3,1,7,14.3,6,4,1,3,1,5,2,0
Jean-Charles Castelletto,CMR,DF,Nantes,Ligue 1,29-265,1995,5.0,2,1,2,0,0,1,3,33.3,2,5,4,1,0,2,36,0
Santiago Castro,ARG,FW,Bologna,Serie A,20-018,2004,6.0,5,2,2,3,0,0,2,0.0,2,4,0,4,1,6,8,0
Gaetano Castrovilli,ITA,MF,Lazio,Serie A,27-243,1997,1.0,3,1,2,0,1,0,1,0.0,1,1,0,1,2,5,1,0
Danilo Cataldi,ITA,MF,Fiorentina,Serie A,30-072,1994,4.0,7,6,1,4,2,3,4,75.0,1,3,2,1,3,10,5,0
Catena,ESP,DF,Osasuna,La Liga,29-355,1994,8.0,10,4,4,6,0,6,12,50.0,6,7,3,4,6,16,57,0
Dani Ceballos,ESP,MF,Real Madrid,La Liga,28-071,1996,0.8,4,3,1,3,0,1,3,33.3,2,1,0,1,0,4,0,0
Zeki Çelik,TUR,DF,Roma,Serie A,27-243,1997,5.8,15,11,5,6,4,7,12,58.3,5,4,2,2,2,17,14,0
Alberto Cerri,ITA,FW,Como,Serie A,28-184,1996,0.7,0,0,0,0,0,0,0,,0,1,0,1,0,0,1,0
Franco Cervi,ARG,DF,Celta Vigo,La Liga,30-144,1994,0.1,0,0,0,0,0,0,2,0.0,2,0,0,0,1,1,0,0
Julian Chabot,GER,DF,Stuttgart,Bundesliga,26-248,1998,5.8,12,7,9,2,1,6,9,66.7,3,3,1,2,11,23,30,0
El Chadaille Bitshiabu,FRA,DF,RB Leipzig,Bundesliga,19-154,2005,1.1,5,3,1,4,0,3,4,75.0,1,1,1,0,3,8,5,1
Fares Chaïbi,ALG,"MF,FW",Eint Frankfurt,Bundesliga,21-324,2002,4.0,6,4,2,2,2,3,6,50.0,3,6,0,6,5,11,15,0
Trevoh Chalobah,ENG,DF,Crystal Palace,Premier League,25-104,1999,1.0,1,0,1,0,0,0,0,,0,0,0,0,2,3,1,0
Conor Chaplin,ENG,"MF,FW",Ipswich Town,Premier League,27-244,1997,1.1,3,3,3,0,0,1,3,33.3,2,2,0,2,0,3,1,0
Brendan Chardonnet,FRA,DF,Brest,Ligue 1,29-300,1994,6.0,12,9,5,5,2,8,13,61.5,5,6,5,1,6,18,35,1
Gabriel Charpentier,CGO,FW,Parma,Serie A,25-153,1999,0.6,1,1,1,0,0,1,1,100.0,0,1,0,1,0,1,5,0
Raúl Chasco,ESP,DF,Valladolid,La Liga,21-034,2003,0.4,1,1,1,0,0,0,1,0.0,1,1,0,1,1,2,2,0
Anrie Chase,JPN,DF,Stuttgart,Bundesliga,20-207,2004,3.5,5,2,2,3,0,2,3,66.7,1,5,3,2,6,11,12,0
Pep Chavarría,ESP,"DF,MF",Rayo Vallecano,La Liga,26-190,1998,3.4,5,5,3,2,0,2,7,28.6,5,5,1,4,5,10,10,0
Arthur Chaves,BRA,DF,Hoffenheim,Bundesliga,23-262,2001,0.8,2,2,1,1,0,1,2,50.0,1,0,0,0,1,3,4,0
Jhoanner Chávez,ECU,DF,Lens,Ligue 1,22-175,2002,4.4,4,2,2,1,1,1,3,33.3,2,7,1,6,4,8,6,0
Walid Cheddira,MAR,FW,Napoli,Serie A,26-269,1998,0.1,0,0,0,0,0,0,0,,0,0,0,0,0,0,0,0
Walid Cheddira,MAR,FW,Espanyol,La Liga,26-269,1998,2.5,0,0,0,0,0,0,0,,0,1,0,1,1,1,2,0
Théo Chennahi,FRA,DF,Montpellier,Ligue 1,19-254,2005,0.0,0,0,0,0,0,0,0,,0,1,0,1,0,0,0,0
Sidiki Cherif,FRA,FW,Angers,Ligue 1,17-307,2006,3.1,4,4,0,3,1,3,4,75.0,1,2,0,2,0,4,0,1
Rayan Cherki,FRA,MF,Lyon,Ligue 1,21-061,2003,1.2,0,0,0,0,0,0,1,0.0,1,1,0,1,0,0,1,0
Lucas Chevalier,FRA,GK,Lille,Ligue 1,22-346,2001,7.0,1,1,1,0,0,1,1,100.0,0,0,0,0,0,1,0,0
Fabio Chiarodia,ITA,DF,Gladbach,Bundesliga,19-134,2005,0.0,1,1,1,0,0,1,1,100.0,0,0,0,0,0,1,0,0
Julián Chicco,ARG,MF,Leganés,La Liga,26-278,1998,1.3,6,4,0,6,0,3,5,60.0,2,0,0,0,2,8,1,0
Leandro Chichizola,ARG,GK,Parma,Serie A,34-204,1990,1.0,0,0,0,0,0,0,0,,0,0,0,0,0,0,2,0
Federico Chiesa,ITA,FW,Liverpool,Premier League,26-358,1997,0.2,0,0,0,0,0,0,0,,0,0,0,0,0,0,0,0
Chiquinho,POR,MF,Wolves,Premier League,24-255,2000,0.1,0,0,0,0,0,0,0,,0,0,0,0,0,0,0,0
Chiquinho,POR,"MF,FW",Mallorca,La Liga,24-255,2000,0.7,1,0,0,1,0,0,5,0.0,5,1,0,1,0,1,0,0
Pedro Chirivella,ESP,MF,Nantes,Ligue 1,27-147,1997,6.7,9,9,5,3,1,6,9,66.7,3,2,0,2,1,10,14,0
Joris Chotard,FRA,MF,Montpellier,Ligue 1,23-023,2001,3.4,7,4,2,5,0,4,7,57.1,3,3,0,3,2,9,4,0
Hamza Choudhury,ENG,MF,Leicester City,Premier League,27-016,1997,0.2,0,0,0,0,0,0,0,,0,0,0,0,1,1,1,0
Andreas Christensen,DEN,DF,Barcelona,La Liga,28-190,1996,0.3,0,0,0,0,0,0,0,,0,0,0,0,0,0,2,0
Ryan Christie,SCO,MF,Bournemouth,Premier League,29-238,1995,5.1,7,3,2,4,1,2,7,28.6,5,13,3,10,4,11,8,1
Samuel Chukwueze,NGA,FW,Milan,Serie A,25-148,1999,2.1,3,2,1,1,1,1,3,33.3,2,0,0,0,0,3,0,0
Aaron Ciammaglichella,ITA,MF,Torino,Serie A,19-265,2005,0.0,0,0,0,0,0,0,0,,0,0,0,0,0,0,0,0
Jasper Cillessen,NED,GK,Las Palmas,La Liga,35-178,1989,7.0,0,0,0,0,0,0,0,,0,0,0,0,0,0,6,0
Alessandro Circati,AUS,DF,Parma,Serie A,21-007,2003,4.0,4,2,3,1,0,1,1,100.0,0,5,4,1,2,6,29,1
Pathé Ciss,SEN,MF,Rayo Vallecano,La Liga,30-215,1994,3.3,6,3,4,2,0,1,6,16.7,5,6,3,3,5,11,16,0
Alphadjo Cissè,ITA,MF,Hellas Verona,Serie A,17-361,2006,0.0,0,0,0,0,0,0,0,,0,0,0,0,0,0,0,0
Seydouba Cissé,GUI,MF,Leganés,La Liga,23-250,2001,6.8,13,10,6,6,1,4,9,44.4,5,7,0,7,4,17,9,0
Jack Clarke,ENG,FW,Ipswich Town,Premier League,23-329,2000,2.6,5,3,0,5,0,2,8,25.0,6,0,0,0,0,5,4,0
Alexis Claude-Maurice,FRA,FW,Augsburg,Bundesliga,26-133,1998,0.4,1,1,1,0,0,0,0,,0,0,0,0,0,1,0,0
Jonathan Clauss,FRA,"MF,DF",Nice,Ligue 1,32-022,1992,6.0,20,14,10,9,1,10,17,58.8,7,7,2,5,9,29,18,0
Nathaniel Clyne,ENG,"DF,MF",Crystal Palace,Premier League,33-195,1991,2.5,9,6,6,2,1,5,6,83.3,1,0,0,0,1,10,10,1
Conor Coady,ENG,DF,Leicester City,Premier League,31-235,1993,0.1,0,0,0,0,0,0,0,,0,2,1,1,1,1,2,0
Marcus Coco,FRA,DF,Nantes,Ligue 1,28-115,1996,3.1,11,11,5,4,2,6,11,54.5,5,5,2,3,2,13,8,0
Saúl Coco,EQG,DF,Torino,Serie A,25-251,1999,6.0,8,5,5,3,0,1,4,25.0,3,10,5,5,11,19,33,2
Séamus Coleman,IRL,DF,Everton,Premier League,36-006,1988,1.0,1,0,0,1,0,1,2,50.0,1,2,1,1,0,1,2,0
Nathan Collins,IRL,DF,Brentford,Premier League,23-170,2001,7.0,11,6,7,3,1,8,10,80.0,2,22,17,5,6,17,28,0
Nnamdi Collins,GER,DF,Eint Frankfurt,Bundesliga,20-281,2004,0.0,0,0,0,0,0,0,0,,0,0,0,0,0,0,0,0
Toby Collyer,ENG,MF,Manchester Utd,Premier League,20-288,2004,0.5,4,3,1,3,0,2,2,100.0,0,0,0,0,0,4,1,0
Lorenzo Colombo,ITA,"FW,MF",Empoli,Serie A,22-223,2002,4.8,5,3,0,3,2,1,4,25.0,3,4,0,4,0,5,0,0
Andrea Colpani,ITA,"MF,FW",Fiorentina,Serie A,25-159,1999,5.1,5,2,3,2,0,0,5,0.0,5,2,0,2,1,6,4,0
Levi Colwill,ENG,DF,Chelsea,Premier League,21-234,2003,7.0,4,2,4,0,0,1,3,33.3,2,11,8,3,10,14,27,0
Kingsley Coman,FRA,"FW,MF",Bayern Munich,Bundesliga,28-126,1996,2.5,8,4,3,2,3,3,4,75.0,1,4,0,4,2,10,5,0
Eray Cömert,SUI,"DF,MF",Valladolid,La Liga,26-256,1998,6.2,8,3,4,4,0,5,9,55.6,4,10,7,3,6,14,21,1
Santi Comesaña,ESP,MF,Villarreal,La Liga,28-012,1996,7.5,16,11,9,7,0,4,13,30.8,9,13,5,8,8,24,8,0
Pietro Comuzzo,ITA,DF,Fiorentina,Serie A,19-240,2005,5.5,12,5,7,3,2,6,9,66.7,3,7,5,2,3,15,13,0
Francisco Conceição,POR,FW,Juventus,Serie A,21-308,2002,1.8,4,3,3,1,0,2,3,66.7,1,1,0,1,1,5,0,0
Diego Conde,ESP,GK,Villarreal,La Liga,25-355,1998,9.0,2,2,2,0,0,2,4,50.0,2,0,0,0,1,3,4,1
Tomás Conechny,ARG,"MF,FW",Alavés,La Liga,26-201,1998,4.3,4,2,2,2,0,2,10,20.0,8,7,1,6,3,7,3,0
Sirlord Conteh,GER,"FW,DF",Heidenheim,Bundesliga,28-100,1996,1.7,5,3,2,3,0,1,1,100.0,0,0,0,0,0,5,1,0
Lewis Cook,ENG,MF,Bournemouth,Premier League,27-257,1997,6.9,20,10,10,9,1,7,18,38.9,11,10,2,8,12,32,10,0
Copete,ESP,DF,Mallorca,La Liga,25-007,1999,3.4,7,5,7,0,0,3,3,100.0,0,3,1,2,2,9,27,0
Diego Coppola,ITA,DF,Hellas Verona,Serie A,20-294,2003,6.0,8,4,5,2,1,6,9,66.7,3,10,5,5,13,21,25,1
Derek Cornelius,CAN,DF,Marseille,Ligue 1,26-327,1997,4.5,7,5,5,2,0,6,8,75.0,2,4,1,3,3,10,19,0
Maxwel Cornet,CIV,FW,Southampton,Premier League,28-020,1996,0.8,5,5,1,4,0,0,4,0.0,4,0,0,0,0,5,2,0
Pierre Cornud,FRA,DF,Saint-Étienne,Ligue 1,27-310,1996,2.3,3,3,2,0,1,3,4,75.0,1,3,1,2,3,6,10,1
Ángel Correa,ARG,"FW,MF",Atlético Madrid,La Liga,29-222,1995,2.1,1,0,1,0,0,1,3,33.3,2,2,0,2,1,2,1,0
Joaquín Correa,ARG,"MF,FW",Inter,Serie A,30-065,1994,0.2,1,0,0,1,0,0,0,,0,0,0,0,0,1,0,0
Thierry Correia,POR,DF,Valencia,La Liga,25-222,1999,7.1,21,14,17,2,2,11,17,64.7,6,9,1,8,4,25,14,0
David Costa,POR,MF,Lens,Ligue 1,23-286,2001,1.6,1,0,0,1,0,1,2,50.0,1,4,1,3,1,2,0,0
Logan Costa,CPV,DF,Villarreal,La Liga,23-199,2001,6.2,4,3,3,1,0,3,3,100.0,0,4,4,0,4,8,26,0
Logan Costa,CPV,DF,Toulouse,Ligue 1,23-199,2001,1.0,2,1,0,2,0,1,1,100.0,0,2,2,0,2,4,4,0
Samu Costa,POR,MF,Mallorca,La Liga,23-325,2000,9.0,27,14,16,10,1,11,22,50.0,11,10,3,7,8,35,31,0
Vladimír Coufal,CZE,DF,West Ham,Premier League,32-056,1992,2.2,0,0,0,0,0,0,3,0.0,3,2,2,0,2,2,4,0
Lassana Coulibaly,MLI,MF,Lecce,Serie A,28-190,1996,3.8,6,4,3,3,0,3,6,50.0,3,7,1,6,3,9,4,0
Lasso Coulibaly,GHA,"FW,MF",Auxerre,Ligue 1,21-364,2002,0.4,0,0,0,0,0,0,0,,0,0,0,0,0,0,0,0
Soumaïla Coulibaly,FRA,DF,Brest,Ligue 1,21-003,2003,1.6,1,1,0,1,0,0,0,,0,3,1,2,4,5,9,0
Tanguy Coulibaly,FRA,FW,Montpellier,Ligue 1,23-242,2001,3.2,5,4,2,3,0,2,7,28.6,5,3,0,3,2,7,0,0
Woyo Coulibaly,FRA,DF,Parma,Serie A,25-150,1999,6.1,8,5,5,1,2,4,8,50.0,4,13,1,12,3,11,11,0
Thibaut Courtois,BEL,GK,Real Madrid,La Liga,32-159,1992,8.0,0,0,0,0,0,0,0,,0,0,0,0,1,1,2,0
Yan Couto,BRA,DF,Dortmund,Bundesliga,22-136,2002,2.6,5,3,4,1,0,4,7,57.1,3,6,0,6,2,7,6,1
Nicolas Cozza,FRA,DF,Nantes,Ligue 1,25-283,1999,2.3,8,7,3,3,2,5,7,71.4,2,0,0,0,1,9,9,0
Aaron Cresswell,ENG,DF,West Ham,Premier League,34-307,1989,0.3,1,0,0,1,0,1,1,100.0,0,1,0,1,0,1,1,0
Charlie Cresswell,ENG,DF,Toulouse,Ligue 1,22-061,2002,3.8,8,2,2,6,0,7,12,58.3,5,3,2,1,5,13,16,1
Bryan Cristante,ITA,MF,Roma,Serie A,29-228,1995,6.6,11,8,5,6,0,2,5,40.0,3,6,5,1,9,20,17,0
Domen Črnigoj,SVN,MF,Venezia,Serie A,28-334,1995,0.4,3,1,0,0,3,1,1,100.0,0,2,1,1,1,4,3,0
Juan Cruz Armada,ESP,DF,Osasuna,La Liga,32-081,1992,2.3,2,0,1,1,0,0,1,0.0,1,1,0,1,0,2,7,0
Juan Cruz,ESP,"FW,MF",Leganés,La Liga,24-175,2000,5.7,6,4,2,4,0,3,6,50.0,3,5,1,4,4,10,6,0
Juan Cuadrado,COL,DF,Atalanta,Serie A,36-144,1988,0.7,1,0,0,0,1,1,2,50.0,1,0,0,0,0,1,2,0
Pau Cubarsí,ESP,DF,Barcelona,La Liga,17-269,2007,7.4,5,4,4,1,0,2,5,40.0,3,2,1,1,3,8,22,0
Marc Cucurella,ESP,DF,Chelsea,Premier League,26-087,1998,6.6,9,6,6,3,0,4,11,36.4,7,10,4,6,6,15,24,0
Matheus Cunha,BRA,"MF,FW",Wolves,Premier League,25-143,1999,6.1,8,7,3,3,2,0,6,0.0,6,4,0,4,4,12,10,0
Patrick Cutrone,ITA,FW,Como,Serie A,26-288,1998,6.2,6,5,0,3,3,2,3,66.7,1,2,0,2,1,7,4,0
Tomáš Čvančara,CZE,"FW,MF",Gladbach,Bundesliga,24-065,2000,1.6,1,1,0,1,0,1,1,100.0,0,2,1,1,0,1,2,0
Wylan Cyprien,FRA,MF,Parma,Serie A,29-263,1995,0.3,0,0,0,0,0,0,1,0.0,1,1,0,1,1,1,0,0
Danilo D'Ambrosio,ITA,DF,Monza,Serie A,36-038,1988,0.5,2,0,1,0,1,0,0,,0,1,0,1,0,2,0,0
Lucas Da Cunha,FRA,"MF,FW",Como,Serie A,23-130,2001,2.2,5,2,3,1,1,2,3,66.7,1,5,0,5,0,5,1,0
Mahmoud Dahoud,GER,MF,Eint Frankfurt,Bundesliga,28-290,1996,1.1,3,0,3,0,0,1,1,100.0,0,2,1,1,1,4,1,0
Thijs Dallinga,NED,"FW,MF",Bologna,Serie A,24-075,2000,1.3,3,2,0,1,2,1,1,100.0,0,1,1,0,0,3,4,0
Diogo Dalot,POR,DF,Manchester Utd,Premier League,25-213,1999,7.0,15,12,6,7,2,7,9,77.8,2,6,4,2,15,30,14,0
Mikkel Damsgaard,DEN,MF,Brentford,Premier League,24-106,2000,5.1,19,10,9,5,5,7,12,58.3,5,13,1,12,9,28,7,1
Flavius Daniliuc,AUT,DF,Hellas Verona,Serie A,23-173,2001,2.8,3,3,1,2,0,1,6,16.7,5,4,1,3,3,6,8,0
Danilo,BRA,MF,Nott'ham Forest,Premier League,23-171,2001,0.2,0,0,0,0,0,0,0,,0,0,0,0,0,0,0,0
Danilo,BRA,DF,Juventus,Serie A,33-094,1991,1.3,1,0,0,0,1,0,0,,0,1,1,0,2,3,2,0
Arnaut Danjuma,NED,FW,Villarreal,La Liga,27-260,1997,2.2,2,1,0,1,1,0,1,0.0,1,1,0,1,0,2,0,0
Arnaut Danjuma,NED,"FW,MF",Girona,La Liga,27-260,1997,3.7,5,3,2,2,1,1,3,33.3,2,2,0,2,1,6,0,0
Kévin Danois,FRA,"MF,DF",Auxerre,Ligue 1,20-111,2004,3.5,12,10,5,6,1,5,11,45.5,6,0,0,0,7,19,3,0
Kevin Danso,AUT,DF,Lens,Ligue 1,26-028,1998,2.0,3,0,2,1,0,1,2,50.0,1,2,2,0,2,5,12,0
Dante,BRA,DF,Nice,Ligue 1,40-365,1983,6.3,13,6,5,6,2,9,12,75.0,3,5,1,4,8,21,16,0
Pape Daouda Diongue,SEN,MF,Strasbourg,Ligue 1,,,0.5,1,0,0,1,0,0,0,,0,0,0,0,1,2,0,0
Mohammed Daramy,DEN,FW,Reims,Ligue 1,22-284,2002,0.2,0,0,0,0,0,0,0,,0,0,0,0,0,0,1,0
Bence Dárdai,GER,FW,Wolfsburg,Bundesliga,18-267,2006,0.1,0,0,0,0,0,0,0,,0,0,0,0,1,1,0,0
Sergi Darder,ESP,"MF,FW",Mallorca,La Liga,30-300,1993,6.6,11,6,5,2,4,1,9,11.1,8,1,0,1,2,13,5,1
Matteo Darmian,ITA,DF,Inter,Serie A,34-320,1989,5.2,13,7,5,5,3,5,10,50.0,5,2,2,0,1,14,11,0
Lukas Daschner,GER,"MF,FW",Bochum,Bundesliga,26-016,1998,2.3,1,1,0,0,1,0,6,0.0,6,3,0,3,0,1,3,0
Juan David Cabal,COL,DF,Juventus,Serie A,23-283,2001,2.3,3,1,3,0,0,2,6,33.3,4,1,0,1,1,4,7,1
Jonathan David,CAN,FW,Lille,Ligue 1,24-277,2000,5.1,5,1,0,3,2,2,4,50.0,2,3,0,3,1,6,0,0
Alphonso Davies,CAN,DF,Bayern Munich,Bundesliga,23-350,2000,4.3,8,4,2,4,2,5,6,83.3,1,3,0,3,3,11,5,0
Keinan Davis,ENG,FW,Udinese,Serie A,26-247,1998,2.3,1,1,0,1,0,0,1,0.0,1,0,0,0,1,2,0,0
Leif Davis,ENG,DF,Ipswich Town,Premier League,24-279,2000,7.0,14,9,13,0,1,9,14,64.3,5,6,1,5,5,19,18,0
Zuriko Davitashvili,GEO,"MF,FW",Saint-Étienne,Ligue 1,23-245,2001,6.7,8,4,2,5,1,6,16,37.5,10,3,0,3,5,13,3,0
Paweł Dawidowicz,POL,DF,Hellas Verona,Serie A,29-150,1995,4.2,8,6,2,6,0,3,4,75.0,1,2,1,1,3,11,11,0
Craig Dawson,ENG,DF,Wolves,Premier League,34-164,1990,4.3,5,3,3,1,1,5,6,83.3,1,5,4,1,4,9,18,0
Kevin De Bruyne,BEL,MF,Manchester City,Premier League,33-111,1991,4.0,2,1,2,0,0,0,3,0.0,3,2,0,2,2,4,0,0
Charles De Ketelaere,BEL,"MF,FW",Atalanta,Serie A,23-221,2001,5.2,2,2,0,1,1,0,1,0.0,1,2,2,0,0,2,1,0
Rodrigo De Paul,ARG,MF,Atlético Madrid,La Liga,30-146,1994,4.1,4,3,1,3,0,4,7,57.1,3,2,0,2,1,5,5,1
Mattia De Sciglio,ITA,"FW,DF",Empoli,Serie A,31-363,1992,0.1,0,0,0,0,0,0,0,,0,0,0,0,0,0,2,0
Lorenzo De Silvestri,ITA,DF,Bologna,Serie A,36-147,1988,1.0,2,1,1,0,1,1,3,33.3,2,2,0,2,0,2,1,0
Thibault De Smet,BEL,DF,Reims,Ligue 1,26-134,1998,0.1,0,0,0,0,0,0,0,,0,1,1,0,1,1,2,0
Koni De Winter,BEL,DF,Genoa,Serie A,22-127,2002,7.0,12,9,6,5,1,4,6,66.7,2,2,1,1,8,20,34,0
Alessandro Deiola,ITA,MF,Cagliari,Serie A,29-077,1995,4.4,9,4,3,6,0,3,8,37.5,5,4,2,2,2,11,8,0
Romain Del Castillo,FRA,FW,Brest,Ligue 1,28-202,1996,4.7,8,5,3,1,4,4,5,80.0,1,9,0,9,1,9,0,0
Enrico Del Prato,ITA,DF,Parma,Serie A,24-342,1999,5.2,2,1,1,1,0,2,4,50.0,2,11,4,7,4,6,21,0
Liam Delap,ENG,FW,Ipswich Town,Premier League,21-252,2003,6.0,3,1,1,1,1,0,4,0.0,4,2,0,2,1,4,8,0
Fisayo Dele-Bashiru,NGA,MF,Lazio,Serie A,23-254,2001,1.8,2,2,0,1,1,0,0,,0,2,0,2,0,2,0,0
Olivier Deman,BEL,DF,Werder Bremen,Bundesliga,24-194,2000,0.3,3,1,0,3,0,1,5,20.0,4,0,0,0,0,3,2,0
Ali Dembélé,FRA,DF,Torino,Serie A,20-286,2004,0.6,2,1,1,1,0,2,2,100.0,0,0,0,0,0,2,2,0
Ousmane Dembélé,FRA,FW,Paris S-G,Ligue 1,27-155,1997,4.8,4,2,0,2,2,2,2,100.0,0,1,0,1,3,7,0,0
Ermedin Demirović,BIH,FW,Stuttgart,Bundesliga,26-206,1998,3.9,1,1,0,1,0,0,1,0.0,1,3,0,3,0,1,0,0
Sepp van den Berg,NED,DF,Brentford,Premier League,22-302,2001,4.2,10,7,7,1,2,3,5,60.0,2,10,5,5,1,11,12,1
Arthur Desmas,FRA,GK,Le Havre,Ligue 1,30-193,1994,7.0,0,0,0,0,0,0,0,,0,0,0,0,0,0,0,0
Kiernan Dewsbury-Hall,ENG,MF,Chelsea,Premier League,26-041,1998,0.5,0,0,0,0,0,0,0,,0,1,0,1,1,1,1,1
Michele Di Gregorio,ITA,GK,Juventus,Serie A,27-082,1997,5.0,0,0,0,0,0,0,0,,0,0,0,0,0,0,0,0
Giovanni Di Lorenzo,ITA,DF,Napoli,Serie A,31-074,1993,7.0,18,11,9,8,1,12,15,80.0,3,2,1,1,5,23,19,0
Boulaye Dia,SEN,"MF,FW",Lazio,Serie A,27-336,1996,4.7,4,2,1,1,2,2,3,66.7,1,1,0,1,0,4,0,1
Mamadou Diakhon,FRA,"FW,MF",Reims,Ligue 1,19-025,2005,0.6,3,3,2,0,1,3,4,75.0,1,0,0,0,0,3,1,0
Bafodé Diakité,FRA,DF,Lille,Ligue 1,23-285,2001,7.0,8,4,5,2,1,6,10,60.0,4,5,2,3,7,15,16,1
Oumar Diakité,CIV,FW,Reims,Ligue 1,20-302,2003,5.5,7,5,4,3,0,4,9,44.4,5,4,0,4,2,9,3,0
Amad Diallo,CIV,FW,Manchester Utd,Premier League,22-098,2002,3.8,12,8,4,5,3,7,8,87.5,1,2,0,2,2,14,1,0
Assane Diao,ESP,FW,Betis,La Liga,19-040,2005,1.9,3,1,0,2,1,2,4,50.0,2,1,0,1,0,3,1,0
Habib Diarra,SEN,"MF,FW",Strasbourg,Ligue 1,20-288,2004,6.3,4,2,0,3,1,2,5,40.0,3,5,0,5,1,5,9,0
Moussa Diarra,MLI,DF,Alavés,La Liga,23-342,2000,4.2,10,7,5,5,0,6,10,60.0,4,2,0,2,4,14,2,0
Rúben Dias,POR,DF,Manchester City,Premier League,27-156,1997,6.1,5,3,1,3,1,2,3,66.7,1,4,3,1,9,14,18,1
Krépin Diatta,SEN,DF,Monaco,Ligue 1,25-235,1999,0.4,3,0,3,0,0,2,2,100.0,0,0,0,0,1,4,3,0
Kandet Diawara,GUI,FW,Le Havre,Ligue 1,24-250,2000,0.0,0,0,0,0,0,0,0,,0,1,0,1,0,0,1,0
Mahamadou Diawara,FRA,MF,Lyon,Ligue 1,19-243,2005,0.2,1,0,0,1,0,1,3,33.3,2,2,0,2,0,1,0,0
Brahim Díaz,MAR,"FW,MF",Real Madrid,La Liga,25-075,1999,1.3,2,2,2,0,0,0,3,0.0,3,0,0,0,1,3,0,0
Luis Díaz,COL,FW,Liverpool,Premier League,27-278,1997,5.0,7,5,4,3,0,4,9,44.4,5,5,0,5,2,9,3,0
Pedro Díaz,ESP,"MF,FW",Rayo Vallecano,La Liga,26-134,1998,0.6,1,1,0,1,0,1,1,100.0,0,2,0,2,1,2,0,0
Tyler Dibling,ENG,"FW,MF",Southampton,Premier League,18-219,2006,4.1,6,5,3,2,1,4,7,57.1,3,4,1,3,1,7,2,0
Diego,ESP,"FW,MF",Leganés,La Liga,24-182,2000,1.3,0,0,0,0,0,0,0,,0,0,0,0,0,0,3,0
Justin Diehl,GER,DF,Stuttgart,Bundesliga,19-325,2004,0.3,0,0,0,0,0,0,0,,0,2,0,2,0,0,0,0
Bamba Dieng,SEN,FW,Angers,Ligue 1,24-208,2000,2.3,2,0,0,1,1,0,0,,0,1,0,1,0,2,2,0
Eric Dier,ENG,DF,Bayern Munich,Bundesliga,30-276,1994,0.1,0,0,0,0,0,0,0,,0,0,0,0,0,0,1,0
Lucas Digne,FRA,DF,Aston Villa,Premier League,31-089,1993,5.8,20,14,11,6,3,12,19,63.2,7,7,2,5,9,29,14,0
Federico Dimarco,ITA,DF,Inter,Serie A,26-342,1997,6.3,4,2,2,2,0,2,4,50.0,2,6,2,4,2,6,8,0
Junior Dina Ebimbe,FRA,"FW,MF",Eint Frankfurt,Bundesliga,23-331,2000,1.3,1,0,0,1,0,0,1,0.0,1,2,0,2,2,3,4,0
Eren Dinkçi,GER,MF,Freiburg,Bundesliga,22-309,2001,2.8,7,4,3,3,1,2,6,33.3,4,6,1,5,2,9,0,0
Sinaly Diomande,CIV,DF,Auxerre,Ligue 1,23-191,2001,4.3,6,4,1,5,0,5,7,71.4,2,4,3,1,5,11,13,0
Lois Diony,FRA,FW,Angers,Ligue 1,31-302,1992,0.2,0,0,0,0,0,0,0,,0,0,0,0,0,0,0,0
Issa Diop,FRA,DF,Fulham,Premier League,27-282,1997,3.1,8,5,5,3,0,3,5,60.0,2,3,2,1,0,8,12,0
Sofiane Diop,FRA,"MF,FW",Nice,Ligue 1,24-130,2000,0.5,1,1,0,0,1,0,0,,0,0,0,0,0,1,1,0
Andy Diouf,FRA,MF,Lens,Ligue 1,21-153,2003,6.0,12,8,3,7,2,9,14,64.3,5,11,1,10,4,16,6,0
Yehvann Diouf,FRA,GK,Reims,Ligue 1,24-336,1999,7.0,0,0,0,0,0,0,0,,0,0,0,0,0,0,3,1
Assane Dioussé,SEN,MF,Auxerre,Ligue 1,27-027,1997,0.1,0,0,0,0,0,0,0,,0,0,0,0,0,0,0,0
Axel Disasi,FRA,DF,Chelsea,Premier League,26-220,1998,1.0,1,1,1,0,0,1,3,33.3,2,1,0,1,1,2,3,0
Roman Dixon,ENG,DF,Everton,Premier League,19-296,2004,1.0,5,5,3,2,0,4,4,100.0,0,1,0,1,1,6,3,0
Álvaro djaló,ESP,FW,Athletic Club,La Liga,25-062,1999,2.1,1,0,0,1,0,0,1,0.0,1,1,0,1,0,1,1,0
Djené,TOG,DF,Getafe,La Liga,32-291,1991,8.2,4,1,2,2,0,1,8,12.5,7,7,4,3,9,13,31,0
Berat Djimsiti,ALB,DF,Atalanta,Serie A,31-241,1993,6.0,13,7,5,8,0,6,8,75.0,2,9,7,2,12,25,21,1
Marko Dmitrović,SRB,GK,Leganés,La Liga,32-267,1992,3.0,0,0,0,0,0,0,0,,0,0,0,0,0,0,3,0
Ritsu Doan,JPN,FW,Freiburg,Bundesliga,26-123,1998,5.6,13,11,9,3,1,8,11,72.7,3,11,0,11,3,16,5,0
Dodô,BRA,DF,Fiorentina,Serie A,25-335,1998,7.0,9,7,4,3,2,5,9,55.6,4,7,2,5,10,19,9,0
Danilho Doekhi,NED,DF,Union Berlin,Bundesliga,26-109,1998,6.0,6,4,3,1,2,3,5,60.0,2,9,2,7,3,9,19,0
Matt Doherty,IRL,DF,Wolves,Premier League,32-275,1992,2.3,8,6,6,2,0,4,5,80.0,1,4,1,3,2,10,8,0
Jeremy Doku,BEL,FW,Manchester City,Premier League,22-143,2002,3.7,5,2,2,1,2,1,3,33.3,2,3,0,3,0,5,1,0
Marc Domenech,ESP,FW,Mallorca,La Liga,18-290,2006,1.3,0,0,0,0,0,0,2,0.0,2,2,0,2,0,0,0,0
Carlos Dominguez,ESP,DF,Celta Vigo,La Liga,23-249,2001,3.8,7,4,4,3,0,4,7,57.1,3,4,4,0,4,11,22,0
Nicolás Domínguez,ARG,"MF,FW",Nott'ham Forest,Premier League,26-111,1998,2.0,8,4,1,4,3,4,8,50.0,4,4,1,3,2,10,4,0
Sergi Dominguez,ESP,DF,Barcelona,La Liga,19-199,2005,1.9,1,1,1,0,0,0,0,,0,0,0,0,3,4,7,0
Gianluigi Donnarumma,ITA,GK,Paris S-G,Ligue 1,25-235,1999,5.0,0,0,0,0,0,0,0,,0,0,0,0,0,0,0,0
Patrick Dorgu,DEN,"FW,DF",Lecce,Serie A,19-357,2004,5.5,13,6,4,6,3,8,14,57.1,6,6,1,5,5,18,9,0
Niklas Dorsch,GER,MF,Augsburg,Bundesliga,26-276,1998,0.4,0,0,0,0,0,0,0,,0,1,0,1,0,0,0,0
Niklas Dorsch,GER,MF,Heidenheim,Bundesliga,26-276,1998,1.4,0,0,0,0,0,0,1,0.0,1,3,0,3,0,0,2,0
Alberto Dossena,ITA,DF,Como,Serie A,26-004,1998,5.7,12,7,9,3,0,5,8,62.5,3,3,1,2,8,20,26,1
Abdoulaye Doucouré,MLI,MF,Everton,Premier League,31-290,1993,4.4,9,5,5,4,0,3,3,100.0,0,6,2,4,2,11,3,0
Cheick Doucouré,MLI,MF,Crystal Palace,Premier League,24-283,2000,1.0,6,3,1,4,1,1,2,50.0,1,2,0,2,2,8,1,0
Désiré Doué,FRA,FW,Paris S-G,Ligue 1,19-136,2005,1.6,2,1,1,1,0,0,4,0.0,4,1,0,1,0,2,1,0
Guela Doué,CIV,DF,Strasbourg,Ligue 1,22-000,2002,7.0,13,10,7,2,4,8,11,72.7,3,8,0,8,12,25,37,0
Douglas,BRA,MF,Nantes,Ligue 1,27-278,1997,5.6,15,9,5,6,4,4,9,44.4,5,7,1,6,3,18,11,0
Ismaël Doukouré,FRA,MF,Strasbourg,Ligue 1,21-085,2003,6.5,14,6,5,9,0,8,8,100.0,0,7,2,5,6,20,16,2
Issa Doumbia,CIV,MF,Venezia,Serie A,21-001,2003,1.6,3,1,1,2,0,3,4,75.0,1,3,1,2,1,4,2,0
Kamory Doumbia,MLI,"MF,FW",Brest,Ligue 1,21-242,2003,2.1,7,6,1,5,1,4,5,80.0,1,1,0,1,3,10,2,0
Anastasios Douvikas,GRE,FW,Celta Vigo,La Liga,25-076,1999,3.9,5,1,1,4,0,1,3,33.3,2,4,2,2,3,8,5,0
Artem Dovbyk,UKR,FW,Roma,Serie A,27-118,1997,6.8,1,1,0,0,1,0,0,,0,3,0,3,0,1,3,0
Flynn Downes,ENG,MF,Southampton,Premier League,25-271,1999,7.0,14,7,6,6,2,4,13,30.8,9,13,2,11,12,26,8,1
Tommy Doyle,ENG,MF,Wolves,Premier League,23-000,2001,0.8,1,0,0,1,0,1,2,50.0,1,1,0,1,0,1,1,0
Radu Drăgușin,ROU,DF,Tottenham,Premier League,22-257,2002,1.1,1,0,1,0,0,1,1,100.0,0,2,1,1,1,2,3,0
Patrick Drewes,GER,GK,Bochum,Bundesliga,31-256,1993,6.0,0,0,0,0,0,0,1,0.0,1,0,0,0,0,0,6,1
Tim Drexler,GER,DF,Hoffenheim,Bundesliga,19-225,2005,3.7,17,7,11,6,0,9,12,75.0,3,6,4,2,1,18,8,0
Marvin Ducksch,GER,FW,Werder Bremen,Bundesliga,30-224,1994,5.1,3,2,0,2,1,0,5,0.0,5,2,0,2,0,3,8,0
Ondrej Duda,SVK,MF,Hellas Verona,Serie A,29-317,1994,4.3,4,2,2,2,0,2,8,25.0,6,3,1,2,5,9,4,1
Denzel Dumfries,NED,DF,Inter,Serie A,28-182,1996,1.8,3,3,1,0,2,2,4,50.0,2,1,0,1,0,3,1,0
Alfred Duncan,GHA,MF,Venezia,Serie A,31-221,1993,3.7,9,3,3,6,0,2,7,28.6,5,1,0,1,5,14,2,0
Lewis Dunk,ENG,DF,Brighton,Premier League,32-331,1991,6.8,1,0,1,0,0,1,1,100.0,0,7,4,3,7,8,15,0
Jhon Durán,COL,FW,Aston Villa,Premier League,20-309,2003,2.1,3,3,1,0,2,1,3,33.3,2,2,0,2,0,3,4,0
Pablo Durán,ESP,"FW,MF",Celta Vigo,La Liga,23-145,2001,1.9,3,2,0,2,1,2,4,50.0,2,1,1,0,2,5,2,0
Julien Duranville,BEL,FW,Dortmund,Bundesliga,18-165,2006,0.3,0,0,0,0,0,0,0,,0,0,0,0,0,0,0,0
Hugo Duro,ESP,FW,Valencia,La Liga,24-342,1999,5.8,4,4,2,2,0,0,0,,0,3,0,3,4,8,5,0
Jean-Kevin Duverne,HAI,DF,Nantes,Ligue 1,27-097,1997,3.6,12,9,6,3,3,10,20,50.0,10,6,0,6,4,16,15,0
Paulo Dybala,ARG,"FW,MF",Roma,Serie A,30-337,1993,3.2,3,1,0,1,2,0,1,0.0,1,2,0,2,1,4,0,0
Stefan Džodić,SRB,DF,Montpellier,Ligue 1,19-216,2005,1.8,5,2,3,2,0,3,5,60.0,2,2,1,1,4,9,7,0
Adam Dźwigała,POL,"DF,MF",St. Pauli,Bundesliga,29-022,1995,1.0,4,1,3,1,0,2,3,66.7,1,0,0,0,0,4,3,0
Aron Dønnum,NOR,"DF,MF",Toulouse,Ligue 1,26-180,1998,5.1,7,4,2,5,0,2,9,22.2,7,2,0,2,2,9,8,0
Ederson,BRA,GK,Manchester City,Premier League,31-061,1993,7.0,0,0,0,0,0,0,0,,0,0,0,0,1,1,2,1
Éderson,BRA,MF,Atalanta,Serie A,25-102,1999,6.6,3,2,1,2,0,1,2,50.0,1,2,0,2,9,12,7,0
George Edmundson,ENG,DF,Ipswich Town,Premier League,27-047,1997,0.0,0,0,0,0,0,0,0,,0,0,0,0,0,0,0,0
Odsonne Édouard,FRA,"MF,FW",Crystal Palace,Premier League,26-275,1998,1.3,1,0,0,1,0,0,2,0.0,2,1,0,1,0,1,1,0
Odsonne Édouard,FRA,FW,Leicester City,Premier League,26-275,1998,0.3,0,0,0,0,0,0,0,,0,0,0,0,0,0,1,0
Samuel Edozie,ENG,"DF,FW",Southampton,Premier League,21-263,2003,0.7,3,1,0,1,2,2,2,100.0,0,0,0,0,0,3,0,0
Johannes Eggestein,GER,FW,St. Pauli,Bundesliga,26-162,1998,5.3,0,0,0,0,0,0,0,,0,1,0,1,0,0,2,0
Maximilian Eggestein,GER,MF,Freiburg,Bundesliga,27-314,1996,5.7,7,5,1,5,1,2,6,33.3,4,6,0,6,11,18,6,0
Kingsley Ehizibue,NED,DF,Udinese,Serie A,29-145,1995,6.7,11,7,7,4,0,6,15,40.0,9,9,4,5,7,18,20,1
Chidera Ejuke,NGA,"FW,MF",Sevilla,La Liga,26-289,1998,5.5,5,3,0,3,2,3,8,37.5,5,6,0,6,1,6,2,0
Jeff Ekhator,ITA,"FW,MF",Genoa,Serie A,17-341,2006,0.7,0,0,0,0,0,0,0,,0,1,0,1,0,0,0,0
Hugo Ekitike,FRA,FW,Eint Frankfurt,Bundesliga,22-119,2002,3.9,4,1,2,1,1,2,2,100.0,0,2,0,2,4,8,4,0
Jurgen Ekkelenkamp,NED,MF,Udinese,Serie A,24-195,2000,3.2,6,4,1,5,0,4,5,80.0,1,5,0,5,3,9,4,0
Jacques Ekomie,GAB,DF,Angers,Ligue 1,21-059,2003,2.5,5,5,2,2,1,2,4,50.0,2,6,0,6,2,7,6,0
Emmanuel Ekong,SWE,"MF,FW",Empoli,Serie A,22-114,2002,0.7,3,2,0,2,1,2,2,100.0,0,1,0,1,1,4,1,0
Caleb Ekuban,GHA,FW,Genoa,Serie A,30-208,1994,2.3,1,1,0,1,0,0,0,,0,2,0,2,0,1,3,0
Pierre Ekwah Elimby,FRA,MF,Saint-Étienne,Ligue 1,22-276,2002,4.0,8,6,4,4,0,5,6,83.3,1,7,4,3,5,13,12,0
Anthony Elanga,SWE,FW,Nott'ham Forest,Premier League,22-173,2002,4.0,2,1,0,1,1,1,4,25.0,3,2,0,2,3,5,5,0
Mikael Ellertsson,ISL,MF,Venezia,Serie A,22-220,2002,4.8,5,1,0,3,2,1,3,33.3,2,7,2,5,0,5,12,0
Harvey Elliott,ENG,FW,Liverpool,Premier League,21-196,2003,0.1,0,0,0,0,0,0,0,,0,0,0,0,0,0,0,0
Aritz Elustondo,ESP,DF,Real Sociedad,La Liga,30-203,1994,2.7,4,2,2,1,1,1,1,100.0,0,6,5,1,1,5,8,0
Nico Elvedi,SUI,DF,Gladbach,Bundesliga,28-017,1996,5.5,10,5,5,2,3,6,6,100.0,0,10,8,2,8,18,19,0
Adri Embarba,ESP,"FW,MF",Rayo Vallecano,La Liga,32-163,1992,6.0,12,5,6,5,1,7,12,58.3,5,3,0,3,4,16,4,0
Breel Embolo,SUI,FW,Monaco,Ligue 1,27-246,1997,3.7,0,0,0,0,0,0,2,0.0,2,1,0,1,1,1,2,0
Emanuel Emegha,NED,FW,Strasbourg,Ligue 1,21-257,2003,6.6,4,4,0,2,2,1,1,100.0,0,6,4,2,0,4,8,0
Emerson,BRA,DF,Milan,Serie A,25-277,1999,5.0,9,7,5,2,2,6,10,60.0,4,5,2,3,5,14,12,0
Yunus Emre Konak,TUR,"MF,FW",Brentford,Premier League,18-281,2006,0.2,1,1,0,1,0,0,1,0.0,1,0,0,0,0,1,0,0
Julio Enciso,PAR,"MF,FW",Brighton,Premier League,20-268,2004,0.9,0,0,0,0,0,0,1,0.0,1,0,0,0,0,0,0,0
Wataru Endo,JPN,MF,Liverpool,Premier League,31-251,1993,0.0,0,0,0,0,0,0,0,,0,1,0,1,0,0,0,0
Endrick,BRA,FW,Real Madrid,La Liga,18-088,2006,0.5,0,0,0,0,0,0,1,0.0,1,0,0,0,1,1,0,0
Yannik Engelhardt,GER,MF,Como,Serie A,23-253,2001,0.9,1,0,1,0,0,1,3,33.3,2,0,0,0,0,1,0,0
Arne Engels,BEL,"MF,FW",Augsburg,Bundesliga,21-039,2003,0.9,0,0,0,0,0,0,0,,0,1,1,0,0,0,0,0
Christian Eriksen,DEN,MF,Manchester Utd,Premier League,32-246,1992,2.9,4,0,0,3,1,4,7,57.1,3,2,1,1,1,5,1,0
Martin Erlic,CRO,DF,Bologna,Serie A,26-267,1998,2.5,2,0,0,2,0,1,2,50.0,1,5,4,1,1,3,5,0
Patrick Erras,GER,DF,Holstein Kiel,Bundesliga,29-270,1995,3.5,4,3,3,1,0,1,7,14.3,6,6,5,1,3,7,32,0
Alfonso Espino,URU,DF,Rayo Vallecano,La Liga,32-286,1992,3.4,16,9,10,5,1,9,20,45.0,11,6,2,4,7,23,7,0
Sebastiano Esposito,ITA,"FW,MF",Empoli,Serie A,22-107,2002,5.0,14,8,5,7,2,6,13,46.2,7,4,1,3,5,19,2,0
Samuel Essende,COD,FW,Augsburg,Bundesliga,26-268,1998,3.6,0,0,0,0,0,0,0,,0,3,1,2,0,0,1,0
Dario Essugo,POR,MF,Las Palmas,La Liga,19-217,2005,3.6,8,6,5,2,1,2,4,50.0,2,1,1,0,5,13,6,1
Nahuel Estévez,ARG,MF,Parma,Serie A,28-338,1995,1.8,3,1,3,0,0,1,6,16.7,5,2,2,0,2,5,6,0
Pervis Estupiñán,ECU,DF,Brighton,Premier League,26-270,1998,2.6,6,3,3,3,0,2,3,66.7,1,0,0,0,3,9,4,0
Evanilson,BRA,FW,Bournemouth,Premier League,25-011,1999,4.8,4,2,0,1,3,2,3,66.7,1,4,1,3,0,4,4,0
Jonny Evans,NIR,DF,Manchester Utd,Premier League,36-288,1988,1.3,5,4,3,2,0,1,1,100.0,0,2,1,1,1,6,4,0
Eberechi Eze,ENG,"MF,FW",Crystal Palace,Premier League,26-110,1998,7.0,10,7,4,5,1,4,10,40.0,6,4,0,4,3,13,2,1
Abde Ezzalzouli,MAR,FW,Betis,La Liga,22-305,2001,7.1,13,8,8,5,0,3,6,50.0,3,4,0,4,4,17,3,0
Giovanni Fabbian,ITA,MF,Bologna,Serie A,21-277,2003,3.3,6,5,1,2,3,3,5,60.0,2,0,0,0,1,7,1,0
Łukasz Fabiański,POL,GK,West Ham,Premier League,39-182,1985,0.5,0,0,0,0,0,0,0,,0,0,0,0,0,0,0,0
Alieu Fadera,GAM,"FW,MF",Como,Serie A,22-349,2001,3.5,15,12,7,5,3,8,19,42.1,11,5,1,4,0,15,0,0
Wout Faes,BEL,DF,Leicester City,Premier League,26-197,1998,7.0,6,4,6,0,0,4,10,40.0,6,20,15,5,5,11,50,1
Nicolò Fagioli,ITA,MF,Juventus,Serie A,23-248,2001,3.8,8,5,4,3,1,3,3,100.0,0,1,0,1,2,10,3,0
Romain Faivre,FRA,"MF,FW",Brest,Ligue 1,26-095,1998,2.9,6,6,2,3,1,2,5,40.0,3,1,0,1,3,9,0,0
Wladimiro Falcone,ITA,GK,Lecce,Serie A,29-188,1995,7.0,0,0,0,0,0,0,0,,0,0,0,0,0,0,4,0
Davide Faraoni,ITA,"MF,DF",Hellas Verona,Serie A,32-358,1991,0.3,1,1,0,1,0,0,2,0.0,2,0,0,0,0,1,1,0
Abdul Fatawu Issahaku,GHA,FW,Leicester City,Premier League,20-223,2004,3.1,15,12,10,0,5,7,11,63.6,4,3,0,3,3,18,6,0
Ansu Fati,ESP,FW,Barcelona,La Liga,21-352,2002,0.3,0,0,0,0,0,0,0,,0,0,0,0,0,0,0,1
Khalil Fayad,FRA,"MF,FW",Montpellier,Ligue 1,20-130,2004,2.8,14,7,5,9,0,5,8,62.5,3,4,0,4,1,15,4,0
Jacopo Fazzini,ITA,MF,Empoli,Serie A,21-215,2003,3.3,8,4,4,4,0,3,4,75.0,1,4,0,4,1,9,8,0
Peter Federico,DOM,"MF,FW",Getafe,La Liga,22-084,2002,1.5,2,1,0,1,1,0,0,,0,2,0,2,0,2,1,0
Nabil Fekir,FRA,MF,Betis,La Liga,31-091,1993,2.0,3,2,1,1,1,1,2,50.0,1,2,0,2,0,3,0,0
Mattia Felici,ITA,DF,Cagliari,Serie A,23-183,2001,0.3,0,0,0,0,0,0,0,,0,0,0,0,2,2,0,0
João Félix,POR,"MF,FW",Chelsea,Premier League,24-342,1999,1.4,2,0,1,0,1,1,2,50.0,1,1,0,1,1,3,2,0
Kiko Femenía,ESP,DF,Villarreal,La Liga,33-258,1991,9.0,18,11,13,4,1,12,23,52.2,11,13,6,7,14,32,16,0
Evan Ferguson,IRL,FW,Brighton,Premier League,19-364,2004,0.3,0,0,0,0,0,0,0,,0,0,0,0,0,0,0,0
Zinedine Ferhat,ALG,"FW,MF",Angers,Ligue 1,31-230,1993,2.3,1,0,0,1,0,0,2,0.0,2,1,0,1,2,3,2,0
Bruno Fernandes,POR,"MF,FW",Manchester Utd,Premier League,30-039,1994,6.3,15,10,1,11,3,5,13,38.5,8,8,1,7,6,21,5,0
Edimilson Fernandes,SUI,MF,Brest,Ligue 1,28-185,1996,1.6,2,2,1,1,0,2,3,66.7,1,5,2,3,3,5,4,0
Mateus Fernandes,POR,MF,Southampton,Premier League,20-099,2004,4.1,13,8,3,7,3,3,6,50.0,3,3,0,3,2,15,7,0
Enzo Fernández,ARG,MF,Chelsea,Premier League,23-274,2001,5.7,14,6,3,6,5,9,22,40.9,13,6,1,5,2,16,5,2
Valery Fernández,ESP,"MF,FW",Mallorca,La Liga,24-329,1999,1.2,3,3,1,0,2,2,4,50.0,2,2,1,1,0,3,1,0
Matias Fernandez-Pardo,BEL,FW,Lille,Ligue 1,19-257,2005,0.5,2,1,1,1,0,2,2,100.0,0,2,0,2,0,2,1,0
Jordan Ferri,FRA,MF,Montpellier,Ligue 1,32-219,1992,3.0,6,6,2,4,0,5,6,83.3,1,2,0,2,1,7,2,0
Karol Fila,POL,MF,Strasbourg,Ligue 1,26-126,1998,0.1,0,0,0,0,0,0,0,,0,0,0,0,0,0,0,0
Kilian Fischer,GER,DF,Wolfsburg,Bundesliga,24-005,2000,5.2,17,13,12,3,2,13,27,48.1,14,10,0,10,5,22,18,1
Mark Flekken,NED,GK,Brentford,Premier League,31-126,1993,7.0,1,1,1,0,0,1,2,50.0,1,0,0,0,0,1,8,0
Phil Foden,ENG,"MF,FW",Manchester City,Premier League,24-142,2000,1.9,0,0,0,0,0,0,1,0.0,1,2,1,1,2,2,2,0
Malick Fofana,BEL,"FW,DF",Lyon,Ligue 1,19-200,2005,2.9,5,3,2,3,0,3,3,100.0,0,0,0,0,1,6,3,0
Wesley Fofana,FRA,DF,Chelsea,Premier League,23-305,2000,6.6,7,6,2,5,0,2,7,28.6,5,8,5,3,9,16,27,1
Yahia Fofana,CIV,GK,Angers,Ligue 1,24-057,2000,7.0,0,0,0,0,0,0,0,,0,0,0,0,0,0,8,0
Youssouf Fofana,FRA,MF,Milan,Serie A,25-281,1999,4.8,6,3,2,3,1,3,8,37.5,5,4,1,3,3,9,5,1
Jonas Föhrenbach,GER,"DF,FW",Heidenheim,Bundesliga,28-265,1996,6.0,11,9,5,6,0,5,8,62.5,3,6,2,4,6,17,16,0
Michael Folorunsho,ITA,FW,Napoli,Serie A,26-253,1998,0.2,1,0,0,1,0,1,3,33.3,2,0,0,0,0,1,0,1
Lamine Fomba,FRA,MF,Saint-Étienne,Ligue 1,26-265,1998,0.8,2,1,1,1,0,1,2,50.0,1,4,1,3,2,4,3,1
Carlos Forbs,POR,MF,Wolves,Premier League,20-212,2004,1.2,5,5,2,2,1,3,4,75.0,1,1,0,1,0,5,1,0
Pablo Fornals,ESP,"FW,MF",Betis,La Liga,28-238,1996,6.8,10,7,5,5,0,3,11,27.3,8,13,0,13,7,17,3,1
Omari Forson,ENG,"MF,FW",Monza,Serie A,20-089,2004,0.2,0,0,0,0,0,0,0,,0,1,0,1,0,0,0,0
Héctor Fort,ESP,DF,Barcelona,La Liga,18-076,2006,1.3,3,2,1,2,0,3,4,75.0,1,2,0,2,0,3,2,0
Dimitri Foulquier,FRA,DF,Valencia,La Liga,31-208,1993,4.8,13,8,4,6,3,7,11,63.6,4,4,0,4,0,13,7,1
Alejandro Francés,ESP,DF,Girona,La Liga,22-077,2002,4.9,12,7,7,4,1,12,17,70.6,5,6,2,4,8,20,16,0
Przemysław Frankowski,POL,DF,Lens,Ligue 1,29-188,1995,4.0,9,7,6,3,0,6,11,54.5,5,4,0,4,0,9,10,0
Enric Franquesa,ESP,"FW,DF",Leganés,La Liga,27-234,1997,4.0,12,6,8,3,1,7,8,87.5,1,5,1,4,1,13,10,0
Ryan Fraser,SCO,FW,Southampton,Premier League,30-236,1994,1.4,5,2,1,4,0,4,5,80.0,1,0,0,0,0,5,3,0
Davide Frattesi,ITA,MF,Inter,Serie A,24-361,1999,3.9,6,3,2,4,0,4,7,57.1,3,2,1,1,2,8,1,1
Morten Frendrup,DEN,MF,Genoa,Serie A,23-193,2001,5.8,17,9,5,5,7,6,14,42.9,8,8,2,6,11,28,6,0
Martin Frese,DEN,DF,Hellas Verona,Serie A,26-287,1998,3.7,13,7,6,7,0,5,8,62.5,3,2,1,1,6,19,14,1
Remo Freuler,SUI,MF,Bologna,Serie A,32-185,1992,7.0,20,10,14,4,2,10,17,58.8,7,9,1,8,4,24,14,1
Marco Friedl,AUT,DF,Werder Bremen,Bundesliga,26-215,1998,3.7,7,6,3,4,0,2,6,33.3,4,7,5,2,5,12,20,0
Marvin Friedrich,GER,DF,Gladbach,Bundesliga,28-309,1995,0.5,0,0,0,0,0,0,0,,0,0,0,0,0,0,3,0
Jeremie Frimpong,NED,DF,Leverkusen,Bundesliga,23-312,2000,4.6,7,6,4,1,2,4,10,40.0,6,6,0,6,5,12,2,0
Jorge de Frutos,ESP,"MF,FW",Rayo Vallecano,La Liga,27-240,1997,6.7,13,8,6,3,4,7,20,35.0,13,4,0,4,5,18,8,0
Chris Führich,GER,"FW,MF",Stuttgart,Bundesliga,26-282,1998,2.4,3,2,1,1,1,3,4,75.0,1,0,0,0,0,3,4,0
Angelo Fulgini,FRA,"MF,FW",Lens,Ligue 1,28-058,1996,2.7,3,3,1,0,2,2,3,66.7,1,5,1,4,0,3,1,0
Niclas Füllkrug,GER,FW,West Ham,Premier League,31-251,1993,0.7,0,0,0,0,0,0,0,,0,0,0,0,0,0,2,0
Manuel Fuster,ESP,"MF,FW",Las Palmas,La Liga,26-361,1997,1.6,1,0,0,1,0,1,3,33.3,2,1,0,1,0,1,1,0
Matteo Gabbia,ITA,DF,Milan,Serie A,24-362,1999,4.0,2,0,0,1,1,0,1,0.0,1,4,2,2,2,4,11,1
Alessandro Gabrielloni,ITA,"FW,MF",Como,Serie A,30-099,1994,0.6,0,0,0,0,0,0,1,0.0,1,0,0,0,0,0,0,0
Gianluca Gaetano,ITA,"MF,FW",Cagliari,Serie A,24-165,2000,1.5,3,2,1,2,0,2,3,66.7,1,2,0,2,1,4,1,0
Roberto Gagliardini,ITA,"MF,DF",Monza,Serie A,30-193,1994,1.0,1,0,0,1,0,0,2,0.0,2,0,0,0,1,2,4,0
Cody Gakpo,NED,FW,Liverpool,Premier League,25-163,1999,2.4,6,4,4,2,0,3,4,75.0,1,2,0,2,3,9,4,0
Javi Galán,ESP,DF,Atlético Madrid,La Liga,29-333,1994,1.1,4,3,3,1,0,3,8,37.5,5,1,0,1,3,7,1,0
Iñigo Ruiz de Galarreta,ESP,MF,Athletic Club,La Liga,31-072,1993,2.6,2,1,0,2,0,1,4,25.0,3,2,0,2,3,5,1,0
Conor Gallagher,ENG,MF,Atlético Madrid,La Liga,24-254,2000,5.6,18,12,6,10,2,7,14,50.0,7,7,1,6,7,25,8,0
Antonino Gallo,ITA,DF,Lecce,Serie A,24-286,2000,6.9,12,7,9,3,0,4,10,40.0,6,8,1,7,7,19,26,0
Idrissa Gana Gueye,SEN,MF,Everton,Premier League,35-021,1989,4.2,15,9,7,6,2,3,6,50.0,3,8,2,6,7,22,5,0
Ignatius Ganago,CMR,FW,Nantes,Ligue 1,25-244,1999,0.5,1,1,0,1,0,1,1,100.0,0,0,0,0,0,1,0,0
Aleix García,ESP,MF,Leverkusen,Bundesliga,27-111,1997,2.3,3,0,1,1,1,2,3,66.7,1,2,0,2,1,4,2,0
Álvaro García,ESP,"FW,MF",Rayo Vallecano,La Liga,31-356,1992,4.1,10,7,6,3,1,4,9,44.4,5,2,0,2,6,16,10,0
Eric García,ESP,MF,Barcelona,La Liga,23-282,2001,4.9,10,4,2,6,2,4,6,66.7,2,8,3,5,4,14,9,0
Fran Garcia,ESP,DF,Real Madrid,La Liga,25-064,1999,2.8,5,4,2,1,2,2,4,50.0,2,2,1,1,2,7,2,0
Joan García,ESP,GK,Espanyol,La Liga,23-166,2001,9.0,0,0,0,0,0,0,0,,0,0,0,0,0,0,3,3
Rubén García,ESP,"FW,MF",Osasuna,La Liga,31-095,1993,6.0,11,9,5,4,2,8,14,57.1,6,11,1,10,5,16,9,0
Ulisses Garcia,SUI,"DF,MF",Marseille,Ligue 1,28-280,1996,1.4,4,3,3,0,1,2,5,40.0,3,1,0,1,0,4,6,0
Alejandro Garnacho,ARG,FW,Manchester Utd,Premier League,20-108,2004,4.6,7,6,3,2,2,2,3,66.7,1,2,0,2,3,10,4,0
James Garner,ENG,"DF,MF",Everton,Premier League,23-218,2001,2.8,10,8,6,4,0,7,10,70.0,3,2,2,0,4,14,9,0
Yarek Gasiorowski,ESP,DF,Valencia,La Liga,19-279,2005,3.0,7,5,6,1,0,4,7,57.1,3,6,3,3,3,10,13,0
Federico Gatti,ITA,DF,Juventus,Serie A,26-115,1998,4.9,7,4,6,1,0,5,6,83.3,1,8,5,3,5,12,12,0
Paulo Gazzaniga,ARG,GK,Girona,La Liga,32-289,1992,9.0,1,1,1,0,0,1,1,100.0,0,0,0,0,0,1,3,0
Jean-Philippe Gbamin,CIV,MF,Nantes,Ligue 1,29-022,1995,0.9,0,0,0,0,0,0,1,0.0,1,2,1,1,2,2,2,0
Yann Gboho,FRA,"MF,FW",Toulouse,Ligue 1,23-277,2001,6.8,8,3,0,6,2,3,8,37.5,5,4,0,4,0,8,0,0
David de Gea,ESP,GK,Fiorentina,Serie A,33-345,1990,4.0,0,0,0,0,0,0,0,,0,0,0,0,0,0,0,0
Lutsharel Geertruida,NED,DF,RB Leipzig,Bundesliga,24-091,2000,3.2,6,4,1,5,0,2,8,25.0,6,2,0,2,3,9,9,0
Dennis Geiger,GER,MF,Hoffenheim,Bundesliga,26-129,1998,1.9,6,5,2,3,1,3,5,60.0,2,1,0,1,1,7,0,0
Valentin Gendrey,FRA,DF,Lecce,Serie A,24-118,2000,2.0,2,2,1,0,1,1,1,100.0,0,3,1,2,2,4,1,0
Valentin Gendrey,FRA,"DF,FW",Hoffenheim,Bundesliga,24-118,2000,2.3,5,2,4,1,0,1,1,100.0,0,0,0,0,2,7,11,0
Denis Genreau,AUS,MF,Toulouse,Ligue 1,25-149,1999,0.0,0,0,0,0,0,0,0,,0,0,0,0,0,0,0,0
Yannick Gerhardt,GER,"DF,FW",Wolfsburg,Bundesliga,30-218,1994,0.6,1,1,1,0,0,1,1,100.0,0,2,0,2,3,4,2,0
Max Geschwill,GER,DF,Holstein Kiel,Bundesliga,23-102,2001,3.9,6,5,2,4,0,4,5,80.0,1,2,2,0,6,12,12,0
Daniele Ghilardi,ITA,DF,Hellas Verona,Serie A,21-285,2003,1.0,2,1,1,1,0,2,2,100.0,0,1,0,1,1,3,7,0
Lautaro Gianetti,ARG,DF,Udinese,Serie A,30-339,1993,3.3,6,4,5,0,1,1,6,16.7,5,7,3,4,8,14,12,0
Dimitris Giannoulis,GRE,DF,Augsburg,Bundesliga,29-000,1995,5.8,11,8,5,5,1,10,15,66.7,5,10,1,9,11,22,10,0
Morgan Gibbs-White,ENG,MF,Nott'ham Forest,Premier League,24-264,2000,5.6,9,2,1,6,2,0,2,0.0,2,1,1,0,3,12,5,0
Armin Gigovic,BIH,MF,Holstein Kiel,Bundesliga,22-194,2002,2.8,5,2,3,1,1,1,4,25.0,3,2,0,2,5,10,7,0
Bryan Gil,ESP,"FW,MF",Girona,La Liga,23-249,2001,5.8,14,9,6,5,3,7,12,58.3,5,8,0,8,3,17,3,1
Mario Gila,ESP,DF,Lazio,Serie A,24-049,2000,4.0,10,8,8,2,0,7,12,58.3,5,2,1,1,4,14,13,0
Billy Gilmour,SCO,MF,Brighton,Premier League,23-128,2001,1.1,3,3,2,1,0,3,4,75.0,1,1,0,1,0,3,1,0
Billy Gilmour,SCO,MF,Napoli,Serie A,23-128,2001,0.3,3,1,1,0,2,1,2,50.0,1,0,0,0,0,3,0,0
Benedikt Gimber,GER,DF,Heidenheim,Bundesliga,27-241,1997,6.0,16,10,11,5,0,8,10,80.0,2,15,4,11,7,23,34,0
Gvidas Gineitis,LTU,MF,Torino,Serie A,20-185,2004,1.1,4,1,2,1,1,1,2,50.0,1,1,1,0,1,5,7,0
Matthias Ginter,GER,DF,Freiburg,Bundesliga,30-272,1994,3.7,4,2,1,2,1,3,3,100.0,0,4,3,1,1,5,10,0
Jamie Gittens,ENG,FW,Dortmund,Bundesliga,20-070,2004,3.2,6,2,1,3,2,0,1,0.0,1,3,0,3,2,8,0,0
Serge Gnabry,GER,"FW,MF",Bayern Munich,Bundesliga,29-095,1995,4.3,6,5,3,1,2,3,6,50.0,3,3,0,3,4,10,2,0
Ben Godfrey,ENG,DF,Atalanta,Serie A,26-276,1998,0.3,0,0,0,0,0,0,1,0.0,1,1,1,0,0,0,0,0
Saba Goglichidze,GEO,DF,Empoli,Serie A,20-114,2004,5.0,13,9,7,6,0,7,11,63.6,4,4,2,2,6,19,17,0
Edoardo Goldaniga,ITA,DF,Como,Serie A,30-350,1993,1.4,2,1,2,0,0,0,0,,0,1,1,0,2,4,5,0
Pierluigi Gollini,ITA,GK,Genoa,Serie A,29-213,1995,7.0,0,0,0,0,0,0,0,,0,1,0,1,0,0,2,1
Aleksandr Golovin,RUS,MF,Monaco,Ligue 1,28-140,1996,3.0,6,4,0,4,2,2,9,22.2,7,4,2,2,3,9,4,0
André Gomes,POR,MF,Lille,Ligue 1,31-079,1993,2.2,3,3,1,1,1,1,5,20.0,4,0,0,0,1,4,0,0
Angel Gomes,ENG,MF,Lille,Ligue 1,24-047,2000,4.2,3,2,0,2,1,1,5,20.0,4,0,0,0,0,3,0,0
João Gomes,BRA,MF,Wolves,Premier League,23-248,2001,6.3,24,15,12,11,1,5,18,27.8,13,5,1,4,5,29,4,0
Rodrigo Gomes,POR,"FW,MF",Wolves,Premier League,21-102,2003,1.3,4,1,2,2,0,1,3,33.3,2,2,0,2,0,4,1,0
Toti Gomes,POR,DF,Wolves,Premier League,25-275,1999,5.0,7,6,5,2,0,4,4,100.0,0,3,2,1,1,8,18,0
Carlos Gómez,COL,MF,Rennes,Ligue 1,22-035,2002,0.5,1,1,0,1,0,0,2,0.0,2,1,0,1,0,1,0,0
Dani Gómez,ESP,FW,Valencia,La Liga,26-079,1998,3.6,2,1,0,0,2,0,0,,0,1,0,1,2,4,3,0
Joe Gomez,ENG,DF,Liverpool,Premier League,27-147,1997,0.0,1,1,0,1,0,1,2,50.0,1,1,0,1,0,1,1,0
Moi Gómez,ESP,"MF,FW",Osasuna,La Liga,30-116,1994,3.4,7,3,3,3,1,1,3,33.3,2,1,0,1,5,12,3,1
Sergi Gómez,ESP,DF,Espanyol,La Liga,32-203,1992,4.0,3,2,3,0,0,2,2,100.0,0,7,6,1,5,8,20,0
Sergio Gómez,ESP,"MF,DF",Real Sociedad,La Liga,24-043,2000,7.6,18,11,8,8,2,9,17,52.9,8,6,1,5,5,23,7,0
Unai Gómez,ESP,"MF,FW",Athletic Club,La Liga,21-145,2003,3.2,1,1,0,1,0,1,1,100.0,0,1,0,1,0,1,4,0
Fabio González,ESP,MF,Las Palmas,La Liga,27-248,1997,0.5,0,0,0,0,0,0,1,0.0,1,0,0,0,0,0,0,0
Nicolás González,ARG,FW,Juventus,Serie A,26-194,1998,2.5,3,1,1,0,2,1,2,50.0,1,4,1,3,0,3,0,0
Urko González,ESP,MF,Real Sociedad,La Liga,23-211,2001,0.5,0,0,0,0,0,0,0,,0,1,1,0,0,0,0,0
Anthony Gordon,ENG,FW,Newcastle Utd,Premier League,23-236,2001,6.6,7,4,4,3,0,5,8,62.5,3,9,0,9,2,9,0,1
Leon Goretzka,GER,DF,Bayern Munich,Bundesliga,29-254,1995,0.0,0,0,0,0,0,0,0,,0,0,0,0,0,0,2,0
Andoni Gorosabel,ESP,DF,Athletic Club,La Liga,28-074,1996,2.0,2,0,1,1,0,0,3,0.0,3,2,0,2,0,2,10,0
Robin Gosens,GER,DF,Fiorentina,Serie A,30-104,1994,5.0,11,5,5,2,4,4,4,100.0,0,1,0,1,2,13,16,0
Robin Gosens,GER,DF,Union Berlin,Bundesliga,30-104,1994,1.0,0,0,0,0,0,0,3,0.0,3,1,0,1,1,1,2,0
Mario Götze,GER,"FW,MF",Eint Frankfurt,Bundesliga,32-136,1992,2.6,5,4,1,3,1,1,5,20.0,4,2,0,2,1,6,3,0
Amine Gouiri,ALG,"FW,MF",Rennes,Ligue 1,24-244,2000,4.8,5,2,2,2,1,1,5,20.0,4,4,0,4,0,5,1,0
Jeffrey Gouweleeuw,NED,DF,Augsburg,Bundesliga,33-099,1991,6.0,8,4,3,2,3,5,9,55.6,4,5,1,4,7,15,22,0
Kamil Grabara,POL,GK,Wolfsburg,Bundesliga,25-283,1999,6.0,0,0,0,0,0,0,1,0.0,1,1,0,1,0,0,3,0
Jonathan Gradit,FRA,DF,Lens,Ligue 1,31-328,1992,5.8,11,6,5,5,1,6,10,60.0,4,8,3,5,8,19,23,0
José Gragera,ESP,MF,Espanyol,La Liga,23-322,2000,5.8,24,15,11,13,0,9,16,56.3,7,9,1,8,4,28,12,0
Samuel Grandsir,FRA,"MF,FW",Le Havre,Ligue 1,28-064,1996,0.6,3,3,0,2,1,2,2,100.0,0,2,0,2,0,3,0,0
Alberto Grassi,ITA,MF,Empoli,Serie A,29-224,1995,4.3,8,4,2,4,2,3,3,100.0,0,4,3,1,6,14,6,0
Ryan Gravenberch,NED,MF,Liverpool,Premier League,22-154,2002,7.0,15,12,4,6,5,8,12,66.7,4,9,1,8,12,27,5,0
Archie Gray,ENG,"MF,DF",Tottenham,Premier League,18-219,2006,0.4,2,1,0,0,2,1,3,33.3,2,1,0,1,0,2,1,0
Jack Grealish,ENG,"FW,MF",Manchester City,Premier League,29-037,1995,3.6,5,2,3,0,2,1,3,33.3,2,5,1,4,0,5,3,0
Jacob Greaves,ENG,DF,Ipswich Town,Premier League,24-035,2000,7.0,14,6,6,8,0,7,11,63.6,4,8,6,2,8,22,41,1
Mason Greenwood,ENG,FW,Marseille,Ligue 1,23-016,2001,6.9,6,3,3,2,1,4,9,44.4,5,1,0,1,1,7,5,0
Michael Gregoritsch,AUT,FW,Freiburg,Bundesliga,30-182,1994,0.2,0,0,0,0,0,0,0,,0,0,0,0,0,0,0,0
Dominik Greif,SVK,GK,Mallorca,La Liga,27-194,1997,6.0,0,0,0,0,0,0,0,,0,0,0,0,0,0,1,1
Antoine Griezmann,FRA,"FW,MF",Atlético Madrid,La Liga,33-210,1991,7.4,5,3,5,0,0,1,7,14.3,6,8,0,8,3,8,7,0
Vincenzo Grifo,ITA,"FW,MF",Freiburg,Bundesliga,31-193,1993,5.3,3,3,1,2,0,0,4,0.0,4,4,1,3,0,3,1,0
Florian Grillitsch,AUT,"MF,DF",Hoffenheim,Bundesliga,29-071,1995,3.3,8,5,4,3,1,5,7,71.4,2,4,2,2,2,10,15,0
Álex Grimaldo,ESP,DF,Leverkusen,Bundesliga,29-027,1995,6.0,7,4,4,1,2,5,11,45.5,6,4,1,3,6,13,5,1
Pascal Groß,GER,MF,Dortmund,Bundesliga,33-124,1991,5.2,8,4,1,6,1,1,8,12.5,7,4,1,3,2,10,4,1
Brajan Gruda,GER,FW,Brighton,Premier League,20-139,2004,0.0,0,0,0,0,0,0,0,,0,0,0,0,0,0,0,0
Marco Grüll,AUT,"FW,MF",Werder Bremen,Bundesliga,26-103,1998,1.6,2,2,0,1,1,0,2,0.0,2,4,1,3,1,3,1,0
Albert Grønbaek,DEN,"MF,FW",Rennes,Ligue 1,23-147,2001,4.9,11,5,4,6,1,6,14,42.9,8,4,0,4,3,14,2,0
Vicente Guaita,ESP,GK,Celta Vigo,La Liga,37-281,1987,5.0,0,0,0,0,0,0,0,,0,0,0,0,0,0,1,0
Sergi Guardiola,ESP,FW,Rayo Vallecano,La Liga,33-141,1991,0.3,2,1,0,2,0,0,0,,0,0,0,0,0,2,1,0
Nemanja Gudelj,SRB,"MF,DF",Sevilla,La Liga,32-336,1991,6.0,11,6,4,5,2,2,2,100.0,0,5,3,2,8,19,18,0
Gabriel Gudmundsson,SWE,DF,Lille,Ligue 1,25-171,1999,5.3,11,8,2,8,1,8,13,61.5,5,6,1,5,2,13,6,1
Gonçalo Guedes,POR,"MF,FW",Wolves,Premier League,27-323,1996,0.8,1,1,0,0,1,0,3,0.0,3,3,0,3,2,3,1,0
Axel Gueguin,FRA,FW,Montpellier,Ligue 1,19-207,2005,0.3,1,1,0,1,0,1,1,100.0,0,0,0,0,0,1,0,0
Marc Guéhi,ENG,DF,Crystal Palace,Premier League,24-096,2000,7.0,6,3,6,0,0,4,5,80.0,1,13,9,4,5,11,46,1
Mattéo Guendouzi,FRA,MF,Lazio,Serie A,25-186,1999,7.0,9,5,3,5,1,5,13,38.5,8,5,1,4,9,18,11,0
Javier Guerra,ESP,"MF,FW",Valencia,La Liga,21-290,2003,4.6,9,5,4,3,2,6,10,60.0,4,1,0,1,0,9,7,1
Raphaël Guerreiro,POR,DF,Bayern Munich,Bundesliga,30-300,1993,3.9,7,5,5,1,1,5,6,83.3,1,1,0,1,3,10,4,0
Evann Guessand,CIV,"FW,MF",Nice,Ligue 1,23-108,2001,6.4,6,4,1,4,1,0,0,,0,3,0,3,5,11,3,0
Ander Guevara,ESP,MF,Alavés,La Liga,27-102,1997,5.4,9,5,4,4,1,5,13,38.5,8,6,0,6,2,11,10,0
Pape Gueye,SEN,MF,Villarreal,La Liga,25-267,1999,5.3,12,6,6,4,2,7,8,87.5,1,3,0,3,7,19,11,0
Morgan Guilavogui,GUI,"FW,MF",St. Pauli,Bundesliga,26-221,1998,2.4,2,0,1,1,0,0,0,,0,2,0,2,1,3,1,0
Frederic Guilbert,FRA,DF,Lecce,Serie A,29-298,1994,3.2,9,4,6,2,1,2,5,40.0,3,3,1,2,7,16,11,0
Luis Guilherme,BRA,MF,West Ham,Premier League,18-251,2006,0.1,0,0,0,0,0,0,0,,0,0,0,0,0,0,0,0
Hugo Guillamón,ESP,MF,Valencia,La Liga,24-260,2000,3.4,6,4,0,5,1,4,5,80.0,1,2,1,1,5,11,6,0
Bruno Guimarães,BRA,MF,Newcastle Utd,Premier League,26-336,1997,7.0,19,10,12,5,2,9,16,56.3,7,8,3,5,11,30,8,1
Bahereba Guirassy,FRA,FW,Nantes,Ligue 1,18-049,2006,0.1,0,0,0,0,0,0,0,,0,1,0,1,0,0,1,0
Serhou Guirassy,GUI,FW,Dortmund,Bundesliga,28-219,1996,3.8,0,0,0,0,0,0,0,,0,0,0,0,0,0,4,0
Marc Guiu,ESP,FW,Chelsea,Premier League,18-287,2006,0.3,0,0,0,0,0,0,0,,0,0,0,0,0,0,0,0
Péter Gulácsi,HUN,GK,RB Leipzig,Bundesliga,34-164,1990,6.0,0,0,0,0,0,0,0,,0,0,0,0,0,0,3,1
Arda Güler,TUR,"MF,FW",Real Madrid,La Liga,19-235,2005,2.8,8,3,3,2,3,4,6,66.7,2,6,0,6,1,9,3,0
Gerard Gumbau,ESP,MF,Rayo Vallecano,La Liga,29-304,1994,2.3,8,6,5,3,0,2,4,50.0,2,2,1,1,0,8,2,0
İlkay Gündoğan,GER,MF,Manchester City,Premier League,33-359,1990,4.2,4,2,1,2,1,2,6,33.3,4,0,0,0,2,6,7,0
Christian Günter,GER,DF,Freiburg,Bundesliga,31-232,1993,5.7,5,3,2,3,0,4,8,50.0,4,4,2,2,2,7,9,0
Jon Guridi,ESP,MF,Alavés,La Liga,29-232,1995,4.2,6,3,3,2,1,3,8,37.5,5,1,0,1,4,10,4,0
Gorka Guruzeta,ESP,FW,Athletic Club,La Liga,28-035,1996,5.6,3,2,0,3,0,2,7,28.6,5,7,1,6,2,5,8,0
Malo Gusto,FRA,DF,Chelsea,Premier League,21-151,2003,4.8,13,8,9,3,1,7,18,38.9,11,10,3,7,3,16,11,1
Miguel Gutiérrez,ESP,DF,Girona,La Liga,23-082,2001,8.0,17,11,7,9,1,6,10,60.0,4,2,1,1,8,25,11,1
Albert Guðmundsson,ISL,MF,Fiorentina,Serie A,27-124,1997,2.1,0,0,0,0,0,0,2,0.0,2,1,0,1,2,2,2,0
Joško Gvardiol,CRO,DF,Manchester City,Premier League,22-268,2002,6.5,14,9,8,4,2,8,10,80.0,2,7,2,5,10,24,17,0
Emmanuel Gyasi,GHA,"DF,FW",Empoli,Serie A,30-280,1994,7.0,11,5,7,4,0,7,9,77.8,2,10,4,6,0,11,18,0
Christian Gytkjær,DEN,FW,Venezia,Serie A,34-164,1990,1.9,1,1,1,0,0,1,2,50.0,1,1,1,0,0,1,3,0
Erling Haaland,NOR,FW,Manchester City,Premier League,24-088,2000,7.0,2,2,0,1,1,1,1,100.0,0,2,0,2,1,3,6,0
Nicolas Haas,SUI,MF,Empoli,Serie A,28-268,1996,1.1,4,2,3,1,0,2,2,100.0,0,0,0,0,1,5,4,0
Janik Haberer,GER,"DF,MF",Union Berlin,Bundesliga,30-198,1994,4.0,7,5,3,3,1,7,12,58.3,5,1,0,1,1,8,7,0
Robin Hack,GER,"FW,MF",Gladbach,Bundesliga,26-051,1998,1.8,6,6,3,1,2,4,5,80.0,1,0,0,0,0,6,2,0
Saad El Haddad,MAR,MF,Venezia,Serie A,19-085,2005,0.2,0,0,0,0,0,0,0,,0,0,0,0,0,0,0,0
Munir El Haddadi,MAR,"MF,FW",Leganés,La Liga,29-046,1995,1.7,3,2,0,1,2,0,2,0.0,2,2,0,2,0,3,0,0
Amadou Haidara,MLI,MF,RB Leipzig,Bundesliga,26-260,1998,4.1,8,6,4,4,0,4,7,57.1,3,11,4,7,5,13,16,0
Massadio Haïdara,MLI,DF,Brest,Ligue 1,31-320,1992,2.7,3,2,1,2,0,1,3,33.3,2,2,0,2,3,6,13,0
Antoine Hainaut,FRA,"DF,MF",Parma,Serie A,22-242,2002,1.9,4,2,3,1,0,2,2,100.0,0,3,1,2,2,6,5,0
Mohamed Haj,TUN,MF,Parma,Serie A,19-205,2005,0.4,0,0,0,0,0,0,0,,0,0,0,0,1,1,0,0
Achraf Hakimi,MAR,DF,Paris S-G,Ligue 1,25-348,1998,5.9,13,10,6,5,2,6,8,75.0,2,5,0,5,8,21,5,1
Lewis Hall,ENG,DF,Newcastle Utd,Premier League,20-039,2004,4.8,5,3,3,0,2,4,15,26.7,11,13,7,6,5,10,15,0
Sébastien Haller,CIV,FW,Leganés,La Liga,30-117,1994,3.6,1,0,1,0,0,1,2,50.0,1,1,0,1,0,1,7,0
Ali Al Hamadi,IRQ,FW,Ipswich Town,Premier League,22-230,2002,0.4,1,0,0,0,1,0,1,0.0,1,0,0,0,0,1,2,0
Andreas Hanche-Olsen,NOR,DF,Mainz 05,Bundesliga,27-274,1997,3.3,4,1,1,2,1,0,0,,0,7,6,1,3,7,20,1
Florent Hanin,ALG,DF,Angers,Ligue 1,34-256,1990,4.4,14,11,8,4,2,6,10,60.0,4,1,0,1,6,20,12,1
Ridgeciano Haps,SUR,DF,Venezia,Serie A,31-127,1993,3.0,7,5,6,0,1,4,5,80.0,1,0,0,0,0,7,10,0
Amine Harit,MAR,MF,Marseille,Ligue 1,27-121,1997,4.2,3,3,0,3,0,0,1,0.0,1,5,0,5,3,6,1,1
Marcus Harness,ENG,MF,Ipswich Town,Premier League,28-236,1996,0.5,1,0,0,0,1,0,3,0.0,3,2,1,1,0,1,1,0
Jack Harrison,ENG,FW,Everton,Premier League,27-332,1996,4.8,7,4,3,2,2,3,9,33.3,6,2,0,2,4,11,7,1
Abdou Harroui,NED,"FW,MF",Hellas Verona,Serie A,26-278,1998,1.9,2,2,1,1,0,2,2,100.0,0,0,0,0,0,2,4,0
Taylor Harwood-Bellis,ENG,DF,Southampton,Premier League,22-261,2002,5.6,1,1,1,0,0,0,1,0.0,1,12,7,5,7,8,18,1
Hans Hateboer,NED,"DF,MF",Rennes,Ligue 1,30-282,1994,4.7,9,4,4,3,2,5,7,71.4,2,3,1,2,5,14,9,0
Kai Havertz,GER,"FW,MF",Arsenal,Premier League,25-128,1999,7.0,7,5,2,2,3,3,9,33.3,6,9,2,7,4,11,15,1
Jan Paul van Hecke,NED,DF,Brighton,Premier League,24-131,2000,5.0,9,5,6,3,0,5,8,62.5,3,2,1,1,5,14,12,0
Hwang Hee-chan,KOR,"FW,MF",Wolves,Premier League,28-265,1996,2.8,1,0,0,0,1,0,1,0.0,1,5,0,5,1,2,3,0
Dean Henderson,ENG,GK,Crystal Palace,Premier League,27-219,1997,7.0,1,0,1,0,0,1,2,50.0,1,0,0,0,0,1,6,0
Liam Henderson,SCO,MF,Empoli,Serie A,28-175,1996,6.1,4,1,2,2,0,2,7,28.6,5,7,4,3,5,9,11,0
Ramon Hendriks,NED,DF,Stuttgart,Bundesliga,23-091,2001,0.0,0,0,0,0,0,0,0,,0,0,0,0,2,2,0,0
Benjamin Henrichs,GER,DF,RB Leipzig,Bundesliga,27-237,1997,2.7,15,4,7,6,2,8,10,80.0,2,3,0,3,8,23,6,0
Luis Henrique,BRA,FW,Marseille,Ligue 1,22-308,2001,5.9,2,2,1,1,0,2,2,100.0,0,4,2,2,1,3,4,0
Mads Hermansen,DEN,GK,Leicester City,Premier League,24-098,2000,7.0,1,1,1,0,0,1,1,100.0,0,0,0,0,0,1,4,1
Mario Hermoso,ESP,DF,Roma,Serie A,29-121,1995,0.8,1,0,1,0,0,0,0,,0,1,1,0,2,3,7,0
Javi Hernández,ESP,DF,Leganés,La Liga,26-168,1998,6.7,12,6,5,5,2,5,13,38.5,8,6,1,5,8,20,27,0
Theo Hernández,FRA,DF,Milan,Serie A,27-011,1997,5.4,7,5,7,0,0,2,4,50.0,2,4,1,3,8,15,13,0
Hernani,BRA,MF,Parma,Serie A,30-204,1994,2.8,7,4,0,5,2,2,7,28.6,5,4,1,3,1,8,2,1
Jorge Herrando,ESP,DF,Osasuna,La Liga,23-232,2001,4.1,2,1,1,1,0,1,2,50.0,1,6,5,1,1,3,16,0
Ander Herrera,ESP,MF,Athletic Club,La Liga,35-064,1989,2.4,6,4,0,6,0,2,5,40.0,3,0,0,0,2,8,8,0
Sergio Herrera,ESP,GK,Osasuna,La Liga,31-134,1993,9.0,1,0,1,0,0,1,1,100.0,0,0,0,0,0,1,10,1
Yangel Herrera,VEN,MF,Girona,La Liga,26-277,1998,6.1,24,15,11,11,2,9,17,52.9,8,6,1,5,9,33,8,0
Juan Herzog,ESP,DF,Las Palmas,La Liga,21-157,2003,4.0,2,2,2,0,0,2,4,50.0,2,4,3,1,4,6,18,0
Son Heung-min,KOR,FW,Tottenham,Premier League,32-101,1992,5.0,2,2,0,1,1,0,4,0.0,4,3,0,3,2,4,4,0
Isak Hien,SWE,DF,Atalanta,Serie A,25-278,1999,3.3,3,3,2,1,0,1,4,25.0,3,6,5,1,7,10,9,1
Omar El Hilali,MAR,DF,Espanyol,La Liga,21-035,2003,9.0,25,17,19,4,2,11,20,55.0,9,12,2,10,9,34,40,0
Piero Hincapié,ECU,DF,Leverkusen,Bundesliga,22-282,2002,4.7,9,8,4,4,1,6,9,66.7,3,13,6,7,6,15,11,0
Jack Hinshelwood,ENG,"DF,MF",Brighton,Premier League,19-189,2005,6.7,7,4,2,3,2,4,9,44.4,5,1,0,1,3,10,9,1
George Hirst,ENG,FW,Ipswich Town,Premier League,25-245,1999,0.7,1,1,1,0,0,0,1,0.0,1,0,0,0,0,1,0,0
Adam Hložek,CZE,"FW,MF",Hoffenheim,Bundesliga,22-084,2002,3.3,5,2,3,0,2,2,6,33.3,4,3,1,2,0,5,6,0
Ki-Jana Hoever,NED,DF,Auxerre,Ligue 1,22-273,2002,3.9,6,5,4,1,1,2,4,50.0,2,6,0,6,2,8,14,0
Nicolas Höfler,GER,MF,Freiburg,Bundesliga,34-222,1990,0.8,2,2,1,1,0,1,2,50.0,1,0,0,0,1,3,6,0
Jonas Hofmann,GER,MF,Leverkusen,Bundesliga,32-095,1992,1.4,0,0,0,0,0,0,0,,0,1,0,1,0,0,1,0
Philipp Hofmann,GER,FW,Bochum,Bundesliga,31-201,1993,4.5,3,2,2,0,1,1,3,33.3,2,1,0,1,0,3,7,0
Lucas Höler,GER,"MF,FW",Freiburg,Bundesliga,30-099,1994,1.3,4,4,1,3,0,1,3,33.3,2,3,1,2,1,5,4,0
Mason Holgate,ENG,"FW,DF",Everton,Premier League,27-361,1996,0.1,0,0,0,0,0,0,0,,0,0,0,0,0,0,0,0
Benedict Hollerbach,GER,"MF,FW",Union Berlin,Bundesliga,23-153,2001,4.7,10,4,3,5,2,5,5,100.0,0,7,0,7,1,11,0,0
Emil Holm,SWE,"DF,MF",Bologna,Serie A,24-157,2000,1.1,4,4,2,2,0,3,5,60.0,2,1,1,0,0,4,2,0
Lewis Holtby,GER,MF,Holstein Kiel,Bundesliga,34-029,1990,5.3,14,6,9,4,1,4,9,44.4,5,4,0,4,10,24,6,1
Franck Honorat,FRA,FW,Gladbach,Bundesliga,28-067,1996,2.6,2,1,1,0,1,0,1,0.0,1,3,1,2,0,2,3,0
Mathias Honsak,AUT,"MF,FW",Heidenheim,Bundesliga,27-302,1996,0.9,2,2,1,1,0,1,2,50.0,1,0,0,0,0,2,3,0
Dinko Horkaš,CRO,GK,Las Palmas,La Liga,25-221,1999,2.0,0,0,0,0,0,0,0,,0,0,0,0,0,0,2,0
Cédric Hountondji,BEN,DF,Angers,Ligue 1,30-272,1994,3.0,6,4,4,2,0,3,7,42.9,4,3,3,0,4,10,14,0
Ilyes Housni,FRA,"FW,MF",Le Havre,Ligue 1,19-156,2005,0.8,5,4,0,3,2,2,3,66.7,1,2,0,2,0,5,0,0
Lukáš Hrádecký,FIN,GK,Leverkusen,Bundesliga,34-328,1989,5.0,0,0,0,0,0,0,0,,0,0,0,0,0,0,1,1
Robin Hranáč,CZE,DF,Hoffenheim,Bundesliga,24-262,2000,1.0,0,0,0,0,0,0,1,0.0,1,1,0,1,2,2,3,1
Callum Hudson-Odoi,ENG,FW,Nott'ham Forest,Premier League,23-345,2000,5.3,5,4,0,4,1,2,3,66.7,1,3,0,3,3,8,4,0
Will Hughes,ENG,MF,Crystal Palace,Premier League,29-183,1995,2.6,10,4,1,4,5,3,5,60.0,2,1,0,1,2,12,1,0
Dean Huijsen,ESP,DF,Bournemouth,Premier League,19-186,2005,2.2,2,1,2,0,0,0,0,,0,2,1,1,3,5,7,0
Omari Hutchinson,ENG,"MF,FW",Ipswich Town,Premier League,20-353,2003,6.8,5,3,2,3,0,4,13,30.8,9,8,1,7,3,8,4,0
Elseid Hysaj,ALB,DF,Lazio,Serie A,30-240,1994,0.1,1,1,0,1,0,0,0,,0,0,0,0,0,1,1,0
Hong Hyunseok,KOR,MF,Mainz 05,Bundesliga,25-123,1999,2.5,4,1,2,1,1,0,1,0.0,1,2,1,1,3,7,5,0
Pierre Højbjerg,DEN,"MF,DF",Marseille,Ligue 1,29-073,1995,6.9,17,12,14,3,0,15,26,57.7,11,11,3,8,15,32,15,1
Oscar Højlund,DEN,MF,Eint Frankfurt,Bundesliga,19-287,2005,0.2,2,1,2,0,0,0,0,,0,1,0,1,1,3,0,0
Rasmus Højlund,DEN,FW,Manchester Utd,Premier League,21-256,2003,1.1,0,0,0,0,0,0,0,,0,2,0,2,0,0,0,0
Pablo Ibáñez,ESP,MF,Osasuna,La Liga,26-027,1998,3.3,7,3,4,2,1,3,10,30.0,7,6,3,3,8,15,7,0
Stanis Idumbo,BEL,FW,Sevilla,La Liga,19-110,2005,0.1,1,1,0,1,0,0,0,,0,0,0,0,1,2,0,0
Jay Idzes,IDN,DF,Venezia,Serie A,24-137,2000,5.7,5,3,3,2,0,1,2,50.0,1,7,4,3,2,7,18,0
Iglesias,ESP,DF,Getafe,La Liga,26-106,1998,7.7,26,15,12,12,2,9,26,34.6,17,6,1,5,13,39,31,0
Borja Iglesias,ESP,FW,Celta Vigo,La Liga,31-274,1993,5.1,3,3,1,1,1,0,1,0.0,1,3,1,2,3,6,4,0
Igor,BRA,DF,Brighton,Premier League,26-253,1998,1.3,1,1,0,0,1,1,2,50.0,1,4,1,3,0,1,0,0
Kelechi Iheanacho,NGA,FW,Sevilla,La Liga,28-014,1996,3.0,1,0,0,1,0,1,2,50.0,1,0,0,0,0,1,1,0
Jonathan Ikone,FRA,"MF,FW",Fiorentina,Serie A,26-168,1998,1.2,2,1,2,0,0,0,1,0.0,1,1,0,1,0,2,0,0
George Ilenikhena,FRA,"FW,MF",Monaco,Ligue 1,18-062,2006,2.5,0,0,0,0,0,0,0,,0,0,0,0,1,1,0,0
Ivan Ilić,SRB,MF,Torino,Serie A,23-214,2001,5.6,2,1,0,1,1,0,4,0.0,4,0,0,0,4,6,3,0
Samuel Iling-Junior,ENG,"FW,MF",Bologna,Serie A,21-013,2003,1.0,2,1,1,1,0,0,0,,0,0,0,0,2,4,0,0
Danny Ings,ENG,"FW,MF",West Ham,Premier League,32-086,1992,0.3,0,0,0,0,0,0,0,,0,0,0,0,0,0,0,0
Alessio Iovine,ITA,DF,Como,Serie A,33-259,1991,2.5,1,0,0,1,0,1,3,33.3,2,4,1,3,2,3,17,0
Tim Iroegbunam,ENG,MF,Everton,Premier League,21-109,2003,4.3,18,9,9,4,5,7,12,58.3,5,6,0,6,8,26,5,1
Jackson Irvine,AUS,MF,St. Pauli,Bundesliga,31-224,1993,6.0,14,6,7,5,2,5,12,41.7,7,6,0,6,10,24,16,0
Andy Irving,SCO,MF,West Ham,Premier League,24-157,2000,0.2,2,1,0,1,1,0,3,0.0,3,0,0,0,0,2,0,0
Alexander Isak,SWE,FW,Newcastle Utd,Premier League,25-026,1999,4.5,2,2,0,1,1,1,3,33.3,2,6,1,5,1,3,5,0
Gustav Isaksen,DEN,"FW,MF",Lazio,Serie A,23-181,2001,3.9,3,2,0,3,0,0,4,0.0,4,1,0,1,1,4,1,0
Ismaily,BRA,DF,Lille,Ligue 1,34-280,1990,0.9,2,0,0,1,1,0,1,0.0,1,4,0,4,0,2,2,0
Ardian Ismajli,ALB,DF,Empoli,Serie A,28-017,1996,7.0,5,4,3,2,0,2,3,66.7,1,9,6,3,12,17,73,0
Yanis Issoufou,FRA,"FW,MF",Montpellier,Ligue 1,17-355,2006,0.8,5,3,4,1,0,3,5,60.0,2,1,0,1,0,5,1,0
Ko Itakura,JPN,DF,Gladbach,Bundesliga,27-264,1997,6.0,14,10,7,6,1,8,10,80.0,2,3,3,0,5,19,33,0
Junya Ito,JPN,FW,Reims,Ligue 1,31-222,1993,6.7,10,9,3,6,1,3,14,21.4,11,10,0,10,1,11,1,1
Marko Ivezić,SRB,DF,Holstein Kiel,Bundesliga,22-320,2001,2.0,5,3,4,1,0,2,5,40.0,3,4,3,1,6,11,15,0
Alex Iwobi,NGA,"FW,DF",Fulham,Premier League,28-167,1996,6.5,10,7,5,4,1,3,5,60.0,2,3,0,3,3,13,11,0
Armando Izzo,ITA,DF,Monza,Serie A,32-229,1992,6.6,10,5,8,2,0,3,6,50.0,3,13,10,3,14,24,21,0
Nicolas Jackson,SEN,FW,Chelsea,Premier League,23-119,2001,5.8,1,1,0,0,1,0,2,0.0,2,6,0,6,1,2,6,0
Lee Jae-sung,KOR,MF,Mainz 05,Bundesliga,32-068,1992,4.8,10,7,3,5,2,2,4,50.0,2,6,1,5,3,13,8,0
Kristijan Jakić,CRO,MF,Augsburg,Bundesliga,27-156,1997,3.9,6,1,1,4,1,0,4,0.0,4,10,0,10,4,10,2,0
Karl Jakob Hein,EST,GK,Valladolid,La Liga,22-187,2002,9.0,0,0,0,0,0,0,1,0.0,1,0,0,0,0,0,4,0
Ismail Jakobs,SEN,DF,Monaco,Ligue 1,25-061,1999,2.0,5,5,3,0,2,3,5,60.0,2,0,0,0,2,7,6,0
Jordan James,WAL,MF,Rennes,Ligue 1,20-107,2004,0.3,2,0,1,0,1,1,3,33.3,2,0,0,0,0,2,1,0
Vitaly Janelt,GER,"MF,DF",Brentford,Premier League,26-160,1998,6.2,9,7,4,3,2,6,10,60.0,4,9,1,8,6,15,16,0
Adnan Januzaj,BEL,"MF,FW",Las Palmas,La Liga,29-255,1995,2.1,2,1,0,2,0,1,2,50.0,1,1,0,1,0,2,1,0
Vitezslav Jaros,CZE,GK,Liverpool,Premier League,23-086,2001,0.1,0,0,0,0,0,0,0,,0,0,0,0,0,0,0,0
Ali Jasim,IRQ,FW,Como,Serie A,20-271,2004,0.0,0,0,0,0,0,0,0,,0,0,0,0,0,0,0,0
Mikel Jauregizar,ESP,MF,Athletic Club,La Liga,20-340,2003,4.3,18,9,5,9,4,11,18,61.1,7,3,1,2,5,23,2,1
Dominik Javorček,SVK,DF,Holstein Kiel,Bundesliga,21-350,2002,0.5,1,0,1,0,0,1,1,100.0,0,1,1,0,1,2,4,1
Gaby Jean,FRA,DF,Lecce,Serie A,24-241,2000,0.2,0,0,0,0,0,0,1,0.0,1,1,1,0,0,0,2,0
Daniel Jebbison,ENG,FW,Bournemouth,Premier League,21-065,2003,0.3,0,0,0,0,0,0,1,0.0,1,0,0,0,0,0,1,0
Fredrik Jensen,FIN,"MF,DF",Augsburg,Bundesliga,27-038,1997,1.3,1,1,0,0,1,1,1,100.0,0,2,0,2,0,1,1,0
Mathias Jensen,DEN,MF,Brentford,Premier League,28-290,1996,2.6,1,1,1,0,0,0,3,0.0,3,3,1,2,2,3,2,0
Moritz Jenz,GER,DF,Mainz 05,Bundesliga,25-170,1999,4.0,6,1,4,2,0,0,3,0.0,3,6,6,0,3,9,32,0
Gabriel Jesus,BRA,"FW,MF",Arsenal,Premier League,27-197,1997,0.9,3,2,3,0,0,2,3,66.7,1,3,1,2,2,5,0,0
Juan Jesus,BRA,DF,Napoli,Serie A,33-129,1991,0.9,0,0,0,0,0,0,0,,0,0,0,0,0,0,3,0
Raúl Jiménez,MEX,FW,Fulham,Premier League,33-165,1991,3.8,5,2,1,3,1,0,4,0.0,4,1,0,1,1,6,4,0
João Pedro,BRA,"MF,FW",Brighton,Premier League,23-021,2001,3.1,5,3,1,3,1,1,3,33.3,2,2,0,2,1,6,2,0
John Joe,IRL,"FW,MF",Getafe,La Liga,20-359,2003,0.1,0,0,0,0,0,0,0,,0,1,1,0,0,0,1,0
Joelinton,BRA,MF,Newcastle Utd,Premier League,28-064,1996,6.3,19,11,8,6,5,9,18,50.0,9,12,3,9,2,21,14,1
Jofre,ESP,"MF,FW",Espanyol,La Liga,23-122,2001,6.1,3,3,2,1,0,1,5,20.0,4,1,0,1,2,5,7,0
Carl Johansson,SWE,DF,Holstein Kiel,Bundesliga,30-147,1994,3.9,4,2,4,0,0,3,6,50.0,3,7,6,1,6,10,23,1
Ben Johnson,ENG,DF,Ipswich Town,Premier League,24-267,2000,2.5,11,8,9,2,0,7,11,63.6,4,4,1,3,3,14,3,0
Brennan Johnson,WAL,FW,Tottenham,Premier League,23-147,2001,5.7,14,9,2,8,4,7,10,70.0,3,6,1,5,1,15,7,0
Karl-Johan Johnsson,SWE,GK,Strasbourg,Ligue 1,34-263,1990,3.0,0,0,0,0,0,0,1,0.0,1,0,0,0,0,0,3,0
Sam Johnstone,ENG,GK,Wolves,Premier League,31-206,1993,5.0,0,0,0,0,0,0,0,,0,0,0,0,0,0,5,0
Paul Joly,FRA,DF,Auxerre,Ligue 1,24-132,2000,4.4,16,11,11,5,0,8,15,53.3,7,5,0,5,11,27,14,3
Curtis Jones,ENG,MF,Liverpool,Premier League,23-261,2001,1.7,3,0,1,2,0,3,3,100.0,0,3,2,1,0,3,3,0
Frenkie de Jong,NED,MF,Barcelona,La Liga,27-158,1997,0.1,0,0,0,0,0,0,0,,0,0,0,0,0,0,0,0
Joan Jordán,ESP,MF,Alavés,La Liga,30-103,1994,2.4,8,6,2,4,2,4,8,50.0,4,2,0,2,0,8,4,0
Jorginho,ITA,MF,Arsenal,Premier League,32-302,1991,1.7,2,1,0,1,1,2,4,50.0,2,0,0,0,0,2,0,1
Jesse Joronen,FIN,GK,Venezia,Serie A,31-210,1993,7.0,0,0,0,0,0,0,0,,0,0,0,0,0,0,3,0
Jota,POR,FW,Rennes,Ligue 1,25-201,1999,0.4,0,0,0,0,0,0,0,,0,0,0,0,0,0,1,0
Diogo Jota,POR,FW,Liverpool,Premier League,27-318,1996,5.1,3,1,0,2,1,2,6,33.3,4,1,0,1,3,6,3,0
Antoine Joujou,FRA,"MF,FW",Le Havre,Ligue 1,21-219,2003,3.4,6,5,4,1,1,2,4,50.0,2,8,2,6,3,9,3,0
Luka Jović,SRB,FW,Milan,Serie A,26-299,1997,0.9,0,0,0,0,0,0,0,,0,0,0,0,1,1,0,0
Juanmi,ESP,FW,Betis,La Liga,31-150,1993,1.6,6,3,3,2,1,3,5,60.0,2,4,0,4,1,7,4,0
Juanpe,ESP,DF,Girona,La Liga,33-170,1991,1.0,1,1,1,0,0,0,0,,0,4,2,2,0,1,4,0
Jubal,BRA,DF,Auxerre,Ligue 1,31-049,1993,5.4,8,6,7,1,0,5,11,45.5,6,9,3,6,4,12,28,0
Abdulai Juma Bah,SLE,DF,Valladolid,La Liga,18-189,2006,2.9,4,3,2,2,0,0,2,0.0,2,4,2,2,4,8,14,0
Anthony Jung,GER,DF,Werder Bremen,Bundesliga,32-349,1991,5.4,7,5,5,2,0,3,5,60.0,2,3,1,2,6,13,25,0
Hamed Junior Traorè,CIV,MF,Auxerre,Ligue 1,24-244,2000,4.6,9,5,2,4,3,2,9,22.2,7,3,0,3,3,12,6,0
Vinicius Júnior,BRA,FW,Real Madrid,La Liga,24-097,2000,8.1,8,4,1,2,5,1,4,25.0,3,1,0,1,0,8,1,1
David Jurásek,CZE,FW,Hoffenheim,Bundesliga,24-071,2000,0.2,1,0,1,0,0,0,0,,0,1,0,1,0,1,0,0
Stanko Jurić,CRO,MF,Valladolid,La Liga,28-062,1996,6.1,19,10,12,6,1,11,23,47.8,12,10,4,6,8,27,19,0
James Justin,ENG,DF,Leicester City,Premier League,26-237,1998,7.0,13,8,7,4,2,7,14,50.0,7,9,1,8,11,24,34,0
Yusuf Kabadayı,GER,"MF,FW",Augsburg,Bundesliga,20-258,2004,0.4,1,0,0,1,0,0,0,,0,1,0,1,0,1,0,0
Christian Kabasele,BEL,DF,Udinese,Serie A,33-236,1991,4.4,7,5,4,3,0,3,3,100.0,0,3,0,3,6,13,16,1
Yaya Kader Fofana,MLI,"MF,FW",Reims,Ligue 1,20-127,2004,4.8,13,8,7,5,1,3,9,33.3,6,5,0,5,2,15,2,0
Pavel Kadeřábek,CZE,DF,Hoffenheim,Bundesliga,32-175,1992,4.8,7,4,4,1,2,5,12,41.7,7,5,2,3,6,13,13,0
Tino Kadewere,ZIM,"MF,FW",Nantes,Ligue 1,28-286,1996,3.5,11,5,4,3,4,6,9,66.7,3,1,0,1,3,14,7,0
Ferdi Kadioglu,TUR,DF,Brighton,Premier League,25-010,1999,1.5,3,1,1,2,0,2,7,28.6,5,0,0,0,5,8,6,0
Arnaud Kalimuendo,FRA,FW,Rennes,Ligue 1,22-271,2002,4.4,3,2,0,1,2,1,1,100.0,0,1,0,1,0,3,0,0
Pierre Kalulu,FRA,DF,Juventus,Serie A,24-134,2000,4.0,4,2,4,0,0,2,2,100.0,0,6,2,4,3,7,4,0
Daichi Kamada,JPN,MF,Crystal Palace,Premier League,28-073,1996,4.1,12,6,3,7,2,4,10,40.0,6,6,1,5,3,15,4,0
Waren Kamanzi,NOR,"DF,MF",Toulouse,Ligue 1,23-341,2000,4.3,16,8,7,7,2,7,15,46.7,8,1,0,1,1,17,9,0
Glen Kamara,FIN,MF,Rennes,Ligue 1,28-355,1995,4.0,13,6,4,7,2,7,10,70.0,3,6,0,6,4,17,4,0
Hassane Kamara,CIV,DF,Udinese,Serie A,30-226,1994,3.6,9,5,4,4,1,1,2,50.0,1,4,1,3,6,15,10,0
Willy Kambwala,FRA,DF,Villarreal,La Liga,20-053,2004,1.0,4,2,3,0,1,2,2,100.0,0,1,1,0,0,4,6,0
Jakub Kamiński,POL,"DF,MF",Wolfsburg,Bundesliga,22-134,2002,5.9,10,4,4,2,4,5,16,31.3,11,11,6,5,6,16,7,0
Kevin Kampl,SVN,MF,RB Leipzig,Bundesliga,34-008,1990,2.9,6,4,2,2,2,3,4,75.0,1,6,1,5,3,9,3,0
Nordine Kandil,FRA,MF,Strasbourg,Ligue 1,22-352,2001,0.1,0,0,0,0,0,0,0,,0,0,0,0,0,0,1,0
Harry Kane,ENG,FW,Bayern Munich,Bundesliga,31-081,1993,5.6,2,2,0,1,1,0,1,0.0,1,3,0,3,0,2,2,0
Lee Kang-in,KOR,"FW,MF",Paris S-G,Ligue 1,23-241,2001,4.7,9,6,3,2,4,8,12,66.7,4,1,0,1,1,10,2,0
Yann Karamoh,FRA,FW,Torino,Serie A,26-101,1998,0.5,0,0,0,0,0,0,1,0.0,1,1,1,0,0,0,0,0
Atakan Karazor,,MF,Stuttgart,Bundesliga,28-004,1996,4.9,14,4,1,8,5,7,8,87.5,1,2,0,2,4,18,6,0
Jesper Karlsson,SWE,FW,Bologna,Serie A,26-084,1998,1.0,0,0,0,0,0,0,1,0.0,1,0,0,0,0,0,0,0
Jesper Karlström,SWE,MF,Udinese,Serie A,29-118,1995,6.2,11,5,6,4,1,1,6,16.7,5,6,3,3,10,21,16,0
Lior Kasa,ISR,MF,Genoa,Serie A,19-020,2005,0.2,0,0,0,0,0,0,0,,0,0,0,0,1,1,0,0
Grigoris Kastanos,CYP,"MF,FW",Hellas Verona,Serie A,26-261,1998,3.1,3,1,1,1,1,2,3,66.7,1,7,1,6,2,5,2,0
Mikkel Kaufmann,DEN,FW,Heidenheim,Bundesliga,23-288,2001,1.6,3,2,1,1,1,1,2,50.0,1,2,1,1,0,3,4,0
Michael Kayode,ITA,"DF,FW",Fiorentina,Serie A,20-099,2004,0.2,1,1,1,0,0,0,0,,0,2,1,1,0,1,3,0
Moise Kean,ITA,FW,Fiorentina,Serie A,24-232,2000,6.9,2,2,0,0,2,1,2,50.0,1,3,0,3,0,2,7,0
Michael Keane,ENG,DF,Everton,Premier League,31-280,1993,6.0,5,3,5,0,0,3,5,60.0,2,4,3,1,9,14,35,0
Yassine Kechta,MAR,"MF,FW",Le Havre,Ligue 1,22-235,2002,5.5,14,9,5,7,2,7,19,36.8,12,7,0,7,5,19,1,0
Thilo Kehrer,GER,DF,Monaco,Ligue 1,28-026,1996,5.0,14,12,9,5,0,6,9,66.7,3,1,1,0,4,18,27,1
Abdoulaye Keita,ESP,MF,Getafe,La Liga,22-046,2002,0.3,0,0,0,0,0,0,0,,0,1,0,1,0,0,0,0
Mandela Keita,BEL,MF,Parma,Serie A,22-160,2002,0.2,0,0,0,0,0,0,0,,0,0,0,0,0,0,1,0
Andu Kelati,GER,MF,Holstein Kiel,Bundesliga,22-065,2002,1.1,1,1,1,0,0,0,1,0.0,1,1,0,1,2,3,1,0
Caoimhín Kelleher,IRL,GK,Liverpool,Premier League,25-329,1998,1.0,0,0,0,0,0,0,0,,0,0,0,0,0,0,0,1
Lloyd Kelly,ENG,DF,Newcastle Utd,Premier League,26-011,1998,2.3,2,2,2,0,0,0,0,,0,4,2,2,1,3,14,0
Aljoscha Kemlein,GER,MF,Union Berlin,Bundesliga,20-076,2004,0.8,2,1,1,1,0,0,1,0.0,1,0,0,0,1,3,1,0
Marc-Oliver Kempf,GER,DF,Como,Serie A,29-263,1995,5.0,3,3,0,3,0,1,2,50.0,1,4,2,2,10,13,23,0
Kenedy,BRA,MF,Valladolid,La Liga,28-252,1996,0.1,0,0,0,0,0,0,0,,0,1,0,1,0,0,0,0
Luca Kerber,GER,"MF,FW",Heidenheim,Bundesliga,22-221,2002,0.9,2,2,1,1,0,2,3,66.7,1,1,0,1,0,2,5,0
Milos Kerkez,HUN,DF,Bournemouth,Premier League,20-345,2003,6.4,10,4,3,5,2,4,8,50.0,4,7,3,4,7,17,15,0
Reda Khadra,GER,"MF,FW",Reims,Ligue 1,23-105,2001,0.9,1,1,1,0,0,0,1,0.0,1,0,0,0,0,1,1,0
Bilal El Khannouss,MAR,MF,Leicester City,Premier League,20-160,2004,0.9,1,1,0,0,1,0,0,,0,0,0,0,0,1,0,0
Wahbi Khazri,TUN,FW,Montpellier,Ligue 1,33-252,1991,2.1,3,2,0,2,1,1,2,50.0,1,1,1,0,2,5,1,0
Rani Khedira,GER,MF,Union Berlin,Bundesliga,30-264,1994,6.0,10,6,3,6,1,4,6,66.7,2,4,2,2,9,19,9,0
Abdukodir Khusanov,UZB,DF,Lens,Ligue 1,20-231,2004,5.2,7,5,6,1,0,3,4,75.0,1,12,9,3,16,23,34,0
Kialonda,ANG,DF,Lecce,Serie A,27-020,1997,7.0,11,4,10,1,0,4,4,100.0,0,17,11,6,12,23,34,0
Kiké,ESP,FW,Alavés,La Liga,34-327,1989,4.7,2,2,0,2,0,1,2,50.0,1,0,0,0,0,2,3,0
Max Kilman,ENG,DF,West Ham,Premier League,27-147,1997,7.0,4,2,2,2,0,2,4,50.0,2,9,5,4,10,14,33,0
Joshua Kimmich,GER,"MF,DF",Bayern Munich,Bundesliga,29-252,1995,6.0,7,4,2,3,2,6,9,66.7,3,2,0,2,5,12,7,2
Joshua King,NOR,"FW,MF",Toulouse,Ligue 1,32-276,1992,2.1,1,1,0,0,1,0,0,,0,0,0,0,0,1,5,0
Cédric Kipré,CIV,DF,Reims,Ligue 1,27-313,1996,4.1,8,6,7,1,0,8,10,80.0,2,8,3,5,2,10,25,0
Jakub Kiwior,POL,DF,Arsenal,Premier League,24-245,2000,0.2,0,0,0,0,0,0,0,,0,1,1,0,0,0,1,0
Tim Kleindienst,GER,FW,Gladbach,Bundesliga,29-047,1995,5.9,5,2,1,3,1,1,6,16.7,5,8,0,8,1,6,14,0
Lukas Klostermann,GER,DF,RB Leipzig,Bundesliga,28-136,1996,4.2,7,4,5,1,1,4,6,66.7,2,7,3,4,4,11,18,1
Justin Kluivert,NED,"MF,FW",Bournemouth,Premier League,25-165,1999,4.3,7,4,3,2,2,1,3,33.3,2,4,0,4,4,11,8,0
Ansgar Knauff,GER,MF,Eint Frankfurt,Bundesliga,22-281,2002,2.3,9,4,6,2,1,3,4,75.0,1,4,0,4,0,9,4,0
Magnus Knudsen,NOR,MF,Holstein Kiel,Bundesliga,23-124,2001,5.7,16,7,9,3,4,9,15,60.0,6,7,4,3,6,22,11,0
Gregor Kobel,SUI,GK,Dortmund,Bundesliga,26-316,1997,6.0,0,0,0,0,0,0,0,,0,0,0,0,0,0,3,1
Robin Koch,GER,DF,Eint Frankfurt,Bundesliga,28-092,1996,6.0,1,1,1,0,0,0,2,0.0,2,15,9,6,3,4,36,1
Magnus Kofod Andersen,DEN,MF,Venezia,Serie A,25-160,1999,3.0,5,0,1,4,0,0,2,0.0,2,1,0,1,3,8,2,0
Derrick Köhn,GER,DF,Werder Bremen,Bundesliga,25-256,1999,2.5,2,1,1,0,1,0,0,,0,2,2,0,2,4,5,0
Philipp Köhn,SUI,GK,Monaco,Ligue 1,26-198,1998,7.0,0,0,0,0,0,0,1,0.0,1,0,0,0,0,0,4,0
Dominik Kohr,GER,"DF,MF",Mainz 05,Bundesliga,30-260,1994,5.8,19,14,12,4,3,12,17,70.6,5,14,8,6,5,24,34,0
Koke,ESP,MF,Atlético Madrid,La Liga,32-283,1992,7.1,14,9,7,4,3,7,14,50.0,7,9,0,9,7,21,8,0
Sead Kolašinac,BIH,DF,Atalanta,Serie A,31-119,1993,3.9,7,5,2,5,0,2,4,50.0,2,1,0,1,6,13,8,0
Randal Kolo Muani,FRA,FW,Paris S-G,Ligue 1,25-317,1998,3.3,4,4,1,1,2,0,0,,0,0,0,0,0,4,3,0
Marco Komenda,CRO,DF,Holstein Kiel,Bundesliga,27-326,1996,1.1,3,2,2,1,0,3,3,100.0,0,1,0,1,0,3,6,0
Mert Kömür,GER,MF,Augsburg,Bundesliga,19-092,2005,0.3,0,0,0,0,0,0,0,,0,1,1,0,0,0,0,1
Ibrahima Konaté,FRA,DF,Liverpool,Premier League,25-145,1999,6.3,8,5,5,2,1,6,6,100.0,0,10,5,5,3,11,28,1
Geoffrey Kondogbia,CTA,"MF,DF",Marseille,Ligue 1,31-245,1993,5.9,18,10,11,7,0,12,12,100.0,0,2,0,2,7,25,17,0
Abdoul Koné,FRA,DF,Reims,Ligue 1,19-178,2005,0.7,4,2,3,1,0,2,4,50.0,2,1,1,0,1,5,1,0
Amadou Koné,MLI,MF,Reims,Ligue 1,19-156,2005,0.2,2,1,1,1,0,2,2,100.0,0,0,0,0,1,3,0,0
Ismaël Koné,CAN,MF,Marseille,Ligue 1,22-133,2002,1.6,3,1,2,1,0,1,2,50.0,1,4,1,3,2,5,1,0
Manu Koné,FRA,MF,Roma,Serie A,23-153,2001,2.9,3,2,1,2,0,2,5,40.0,3,2,0,2,3,6,2,0
Ezri Konsa,ENG,DF,Aston Villa,Premier League,26-360,1997,6.1,7,5,4,2,1,4,6,66.7,2,3,0,3,3,10,23,0
Teun Koopmeiners,NED,MF,Juventus,Serie A,26-232,1998,4.0,6,4,0,5,1,2,4,50.0,2,1,1,0,0,6,2,0
Odilon Kossounou,CIV,DF,Atalanta,Serie A,23-287,2001,1.7,3,3,1,2,0,1,2,50.0,1,2,1,1,1,4,0,0
Christian Kouamé,CIV,"MF,FW",Fiorentina,Serie A,26-316,1997,3.3,8,5,3,3,2,0,3,0.0,3,1,0,1,2,10,5,0
Henri Koudossou,GER,DF,Augsburg,Bundesliga,25-044,1999,0.7,1,1,0,1,0,1,3,33.3,2,1,1,0,0,1,5,0
Konstantinos Koulierakis,GRE,DF,Wolfsburg,Bundesliga,20-324,2003,2.6,5,2,4,1,0,2,5,40.0,3,7,3,4,1,6,17,0
Jules Koundé,FRA,DF,Barcelona,La Liga,25-340,1998,8.3,17,11,9,6,2,13,16,81.3,3,10,2,8,4,21,23,1
Boubakar Kouyaté,MLI,DF,Montpellier,Ligue 1,27-185,1997,1.2,4,1,3,1,0,3,5,60.0,2,0,0,0,3,7,5,0
Mateo Kovačić,CRO,MF,Manchester City,Premier League,30-164,1994,5.8,15,11,5,8,2,5,14,35.7,9,6,0,6,2,17,5,0
Matej Kovar,CZE,GK,Leverkusen,Bundesliga,24-153,2000,1.0,0,0,0,0,0,0,0,,0,0,0,0,0,0,0,0
Mateusz Kowalski,POL,MF,Parma,Serie A,19-088,2005,0.6,0,0,0,0,0,0,0,,0,1,0,1,0,0,1,0
Emil Krafth,SWE,DF,Newcastle Utd,Premier League,30-076,1994,2.7,2,1,0,1,1,1,2,50.0,1,5,4,1,2,4,10,0
Alex Král,CZE,"MF,FW",Espanyol,La Liga,26-151,1998,8.4,22,15,14,8,0,6,9,66.7,3,14,8,6,10,32,19,0
Andrej Kramarić,CRO,MF,Hoffenheim,Bundesliga,33-120,1991,4.7,1,1,0,1,0,1,3,33.3,2,3,1,2,0,1,1,0
Frans Krätzig,GER,DF,Stuttgart,Bundesliga,21-277,2003,0.6,2,1,1,0,1,1,3,33.3,2,2,1,1,0,2,1,0
Ladislav Krejčí,CZE,DF,Girona,La Liga,25-180,1999,3.1,2,0,2,0,0,1,2,50.0,1,4,2,2,5,7,11,0
Rasmus Kristensen,DEN,"DF,MF",Eint Frankfurt,Bundesliga,27-098,1997,6.0,16,8,12,2,2,12,21,57.1,9,7,3,4,3,19,22,0
Thomas Kristensen,DEN,DF,Udinese,Serie A,22-274,2002,2.1,2,1,1,1,0,1,2,50.0,1,1,1,0,0,2,7,0
Nikola Krstović,MNE,FW,Lecce,Serie A,24-195,2000,6.7,8,3,3,2,3,3,6,50.0,3,1,0,1,1,9,3,0
Lukas Kübler,GER,DF,Freiburg,Bundesliga,32-048,1992,5.2,10,6,6,3,1,6,8,75.0,2,11,3,8,17,27,10,1
Takefusa Kubo,JPN,"MF,FW",Real Sociedad,La Liga,23-135,2001,7.0,7,3,3,2,2,5,9,55.6,4,14,1,13,3,10,3,0
Mohammed Kudus,GHA,"MF,FW",West Ham,Premier League,24-076,2000,6.4,7,5,1,3,3,3,10,30.0,7,9,1,8,1,8,1,0
Dejan Kulusevski,SWE,"MF,FW",Tottenham,Premier League,24-175,2000,5.9,5,2,1,0,4,0,7,0.0,7,10,2,8,5,10,7,0
Sael Kumbedi,FRA,DF,Lyon,Ligue 1,19-205,2005,1.0,4,2,1,2,1,3,4,75.0,1,0,0,0,2,6,3,0
Marash Kumbulla,ALB,DF,Espanyol,La Liga,24-252,2000,7.7,10,6,8,1,1,3,7,42.9,4,18,13,5,8,18,50,0
Daler Kuzyaev,RUS,MF,Le Havre,Ligue 1,31-276,1993,3.5,6,5,3,3,0,1,4,25.0,3,5,3,2,4,10,3,0
Khvicha Kvaratskhelia,GEO,"MF,FW",Napoli,Serie A,23-248,2001,5.8,10,8,3,6,1,4,8,50.0,4,6,0,6,1,11,4,0
Moritz-Broni Kwarteng,GHA,MF,Bochum,Bundesliga,26-172,1998,0.7,0,0,0,0,0,0,1,0.0,1,0,0,0,0,0,0,0
Giorgos Kyriakopoulos,GRE,DF,Monza,Serie A,28-255,1996,7.0,17,12,8,8,1,10,17,58.8,7,10,2,8,7,24,17,0
Rémy Labeau Lascary,GLP,FW,Lens,Ligue 1,21-228,2003,2.7,1,0,0,1,0,0,3,0.0,3,2,0,2,0,1,2,0
Gaëtan Laborde,FRA,FW,Nice,Ligue 1,30-167,1994,0.9,0,0,0,0,0,0,2,0.0,2,0,0,0,1,1,1,0
Nediljko Labrović,CRO,GK,Augsburg,Bundesliga,25-007,1999,6.0,0,0,0,0,0,0,0,,0,0,0,0,0,0,7,0
Alexandre Lacazette,FRA,FW,Lyon,Ligue 1,33-142,1991,4.9,2,1,1,1,0,2,5,40.0,3,1,0,1,0,2,1,0
Maxence Lacroix,FRA,DF,Crystal Palace,Premier League,24-194,2000,4.0,7,4,5,1,1,2,6,33.3,4,6,2,4,7,14,15,0
Alban Lafont,FRA,GK,Nantes,Ligue 1,25-268,1999,7.0,1,1,1,0,0,1,1,100.0,0,0,0,0,0,1,5,1
Konrad Laimer,AUT,"DF,MF",Bayern Munich,Bundesliga,27-143,1997,1.3,4,4,0,4,0,2,4,50.0,2,1,0,1,1,5,1,0
Stefan Lainer,AUT,DF,Gladbach,Bundesliga,32-051,1992,0.2,1,0,0,1,0,0,0,,0,0,0,0,2,3,0,0
Kenny Lala,MAD,DF,Brest,Ligue 1,33-014,1991,6.0,17,12,10,7,0,13,18,72.2,5,11,6,5,6,23,13,0
Adam Lallana,ENG,MF,Southampton,Premier League,36-160,1988,1.3,3,3,2,1,0,2,4,50.0,2,0,0,0,3,6,2,0
Mathis Lambourde,FRA,"DF,MF",Hellas Verona,Serie A,18-282,2006,0.1,1,0,1,0,0,0,0,,0,0,0,0,0,1,0,0
Mohamed Lamine Bayo,GUI,FW,Lille,Ligue 1,26-135,1998,2.1,0,0,0,0,0,0,0,,0,0,0,0,0,0,0,0
Gianluca Lapadula,PER,"FW,MF",Cagliari,Serie A,34-253,1990,1.0,1,0,0,0,1,0,0,,0,0,0,0,0,1,1,0
Cyle Larin,CAN,FW,Mallorca,La Liga,29-183,1995,4.6,2,2,1,1,0,0,2,0.0,2,4,0,4,1,3,3,0
Gautier Larsonneur,FRA,GK,Saint-Étienne,Ligue 1,27-237,1997,7.0,0,0,0,0,0,0,0,,0,0,0,0,0,0,5,0
Hugo Larsson,SWE,MF,Eint Frankfurt,Bundesliga,20-112,2004,5.6,4,1,2,2,0,3,9,33.3,6,11,5,6,6,10,12,0
Juanmi Latasa,ESP,FW,Valladolid,La Liga,23-208,2001,4.6,1,0,0,1,0,0,2,0.0,2,1,0,1,0,1,4,0
Toni Lato,ESP,DF,Mallorca,La Liga,26-331,1997,1.9,5,4,1,0,4,1,3,33.3,2,2,0,2,2,7,7,0
Roméo Lavia,BEL,MF,Chelsea,Premier League,20-285,2004,0.9,3,1,0,2,1,0,1,0.0,1,0,0,0,3,6,1,0
Valentino Lazaro,AUT,DF,Torino,Serie A,28-207,1996,6.3,9,2,4,4,1,7,11,63.6,4,6,2,4,0,9,13,1
Darko Lazović,SRB,"MF,FW",Hellas Verona,Serie A,34-032,1990,5.7,10,3,1,7,2,5,9,55.6,4,5,0,5,4,14,10,0
Manuel Lazzari,ITA,DF,Lazio,Serie A,30-323,1993,5.5,7,6,3,3,1,4,7,57.1,3,1,1,0,1,8,6,0
Julien Le Cardinal,FRA,DF,Brest,Ligue 1,27-075,1997,4.8,6,3,3,3,0,3,6,50.0,3,7,6,1,9,15,27,0
Jérémy Le Douaron,FRA,FW,Brest,Ligue 1,26-179,1998,1.1,1,0,0,0,1,0,1,0.0,1,1,0,1,0,1,0,0
Enzo Le Fée,FRA,MF,Roma,Serie A,24-257,2000,1.0,2,2,0,2,0,0,2,0.0,2,3,1,2,1,3,0,0
Robin Le Normand,ESP,DF,Atlético Madrid,La Liga,27-341,1996,7.0,11,8,11,0,0,3,5,60.0,2,3,2,1,2,13,25,0
Rafael Leão,POR,FW,Milan,Serie A,25-129,1999,5.7,3,3,0,2,1,1,2,50.0,1,5,0,5,4,7,0,0
Benjamin Lecomte,FRA,GK,Montpellier,Ligue 1,33-174,1991,4.0,0,0,0,0,0,0,0,,0,0,0,0,0,0,3,0
Pierre Lees-Melou,FRA,MF,Brest,Ligue 1,31-145,1993,0.5,2,1,0,1,1,0,0,,0,0,0,0,1,3,1,0
Jordan Lefort,FRA,DF,Angers,Ligue 1,31-069,1993,7.0,16,13,13,3,0,10,14,71.4,4,12,4,8,9,25,28,1
Diogo Leite,POR,DF,Union Berlin,Bundesliga,25-268,1999,6.0,20,11,14,5,1,9,16,56.3,7,14,6,8,12,32,21,0
Maxim Leitsch,GER,DF,Mainz 05,Bundesliga,26-152,1998,3.1,5,1,2,2,1,3,3,100.0,0,5,2,3,4,9,20,0
Florian Lejeune,FRA,DF,Rayo Vallecano,La Liga,33-150,1991,9.0,12,8,7,3,2,5,9,55.6,4,10,9,1,3,15,40,0
Iñigo Lekue,ESP,DF,Athletic Club,La Liga,31-166,1993,3.5,4,3,3,1,0,3,6,50.0,3,2,1,1,3,7,13,2
Nunzio Lella,ITA,MF,Venezia,Serie A,24-081,2000,0.1,0,0,0,0,0,0,0,,0,0,0,0,0,0,0,0
Félix Lemaréchal,FRA,"FW,MF",Strasbourg,Ligue 1,21-071,2003,0.9,0,0,0,0,0,0,0,,0,3,0,3,0,0,2,0
Mario Lemina,GAB,"MF,FW",Wolves,Premier League,31-046,1993,7.0,22,12,12,8,2,11,14,78.6,3,6,4,2,15,37,14,1
Clément Lenglet,FRA,DF,Atlético Madrid,La Liga,29-122,1995,1.0,0,0,0,0,0,0,1,0.0,1,1,0,1,1,1,10,0
Bernd Leno,GER,GK,Fulham,Premier League,32-227,1992,7.0,0,0,0,0,0,0,0,,0,1,0,1,0,0,1,3
Donovan Léon,GUF,GK,Auxerre,Ligue 1,31-349,1992,7.0,0,0,0,0,0,0,0,,0,0,0,0,0,0,5,1
Esteban Lepaul,FRA,FW,Angers,Ligue 1,24-182,2000,1.3,1,1,0,0,1,0,3,0.0,3,0,0,0,0,1,2,0
Johann Lepenant,FRA,MF,Nantes,Ligue 1,21-361,2002,4.9,11,5,5,4,2,3,10,30.0,7,5,2,3,6,17,3,0
Jefferson Lerma,COL,"MF,DF",Crystal Palace,Premier League,29-358,1994,3.4,3,2,1,1,1,2,4,50.0,2,3,1,2,5,8,7,0
Louis Leroux,FRA,"MF,FW",Nantes,Ligue 1,18-268,2006,0.2,1,1,1,0,0,1,1,100.0,0,0,0,0,0,1,0,0
Robert Lewandowski,POL,FW,Barcelona,La Liga,36-057,1988,8.2,4,1,0,3,1,1,2,50.0,1,2,0,2,1,5,5,0
Jamie Leweling,GER,"FW,MF",Stuttgart,Bundesliga,23-234,2001,5.5,4,2,2,0,2,2,5,40.0,3,9,0,9,2,6,5,0
Rico Lewis,ENG,"MF,DF",Manchester City,Premier League,19-331,2004,5.4,13,5,6,6,1,5,6,83.3,1,8,2,6,4,17,14,1
Keane Lewis-Potter,ENG,"DF,MF",Brentford,Premier League,23-238,2001,5.1,11,5,4,5,2,6,10,60.0,4,6,2,4,3,14,7,0
Myles Lewis-Skelly,ENG,DF,Arsenal,Premier League,18-021,2006,0.0,0,0,0,0,0,0,0,,0,0,0,0,0,0,1,0
Philipp Lienhart,AUT,DF,Freiburg,Bundesliga,28-098,1996,5.5,5,4,3,2,0,3,6,50.0,3,3,3,0,9,14,14,1
Matthijs de Ligt,NED,DF,Manchester Utd,Premier League,25-066,1999,4.5,8,3,6,2,0,5,7,71.4,2,7,5,2,7,15,15,0
Victor Lindelöf,SWE,DF,Manchester Utd,Premier League,30-092,1994,0.5,3,0,3,0,0,1,1,100.0,0,1,0,1,1,4,3,0
Jesper Lindstrøm,DEN,FW,Everton,Premier League,24-231,2000,1.7,8,5,2,6,0,2,3,66.7,1,4,1,3,1,9,0,0
Karol Linetty,POL,MF,Torino,Serie A,29-258,1995,4.9,14,8,6,8,0,6,11,54.5,5,6,2,4,4,18,11,0
Samuel Lino,BRA,"DF,MF",Atlético Madrid,La Liga,24-299,1999,4.6,9,3,6,2,1,6,17,35.3,11,7,1,6,4,13,3,0
Pol Lirola,ESP,"DF,FW",Marseille,Ligue 1,27-065,1997,1.5,3,2,1,2,0,1,3,33.3,2,0,0,0,0,3,2,0
Dailon Livramento,CPV,"FW,MF",Hellas Verona,Serie A,23-166,2001,2.7,6,5,1,3,2,2,5,40.0,3,3,0,3,2,8,1,0
Valentino Livramento,ENG,DF,Newcastle Utd,Premier League,21-340,2002,3.9,10,5,6,4,0,6,8,75.0,2,11,3,8,3,13,16,0
Diego Llorente,ESP,DF,Betis,La Liga,31-062,1993,9.0,12,5,7,5,0,4,10,40.0,6,10,10,0,14,26,39,1
Marcos Llorente,ESP,"DF,MF",Atlético Madrid,La Liga,29-261,1995,7.0,16,12,10,4,2,9,13,69.2,4,6,1,5,5,21,13,1
Gautier Lloris,FRA,DF,Le Havre,Ligue 1,29-091,1995,7.0,14,8,8,6,0,9,16,56.3,7,4,3,1,4,18,30,0
Giovani Lo Celso,ARG,MF,Betis,La Liga,28-191,1996,5.1,10,6,3,2,5,6,9,66.7,3,3,0,3,1,11,1,0
Stanislav Lobotka,SVK,MF,Napoli,Serie A,29-327,1994,6.7,15,9,2,8,5,5,7,71.4,2,6,2,4,4,19,8,0
Manuel Locatelli,ITA,MF,Juventus,Serie A,26-283,1998,5.0,11,9,6,4,1,3,7,42.9,4,8,1,7,2,13,11,0
Ruben Loftus-Cheek,ENG,MF,Milan,Serie A,28-268,1996,4.5,7,3,2,2,3,1,3,33.3,2,1,0,1,1,8,4,0
Enzo Loiodice,FRA,MF,Las Palmas,La Liga,23-325,2000,2.6,2,2,1,1,0,1,3,33.3,2,3,0,3,2,4,2,0
Sean Longstaff,ENG,MF,Newcastle Utd,Premier League,26-353,1997,3.4,11,9,3,6,2,8,13,61.5,5,8,1,7,4,15,3,0
Ademola Lookman,NGA,"MF,FW",Atalanta,Serie A,26-363,1997,3.1,5,3,4,1,0,2,3,66.7,1,6,0,6,1,6,0,0
David López,ESP,DF,Girona,La Liga,35-008,1989,7.4,4,1,2,0,2,2,6,33.3,4,12,6,6,7,11,28,1
Diego López,ESP,"MF,FW",Valencia,La Liga,22-157,2002,7.3,5,4,1,2,2,4,14,28.6,10,5,0,5,2,7,1,0
Fermin López,ESP,MF,Barcelona,La Liga,21-159,2003,0.7,2,2,1,0,1,1,3,33.3,2,1,0,1,1,3,0,0
Javi López,ESP,DF,Real Sociedad,La Liga,22-206,2002,5.7,12,6,7,4,1,6,10,60.0,4,4,1,3,1,13,16,1
Roberto López,ESP,MF,Leganés,La Liga,24-176,2000,3.7,6,4,3,3,0,4,12,33.3,8,4,0,4,1,7,6,1
Unai López,ESP,MF,Rayo Vallecano,La Liga,28-353,1995,5.5,5,3,2,1,2,3,9,33.3,6,5,1,4,10,15,6,0
Iker Losada,ESP,"FW,MF",Betis,La Liga,23-077,2001,1.0,5,4,1,1,3,2,4,50.0,2,1,0,1,1,6,1,0
Anthony Losilla,FRA,MF,Bochum,Bundesliga,38-221,1986,3.8,7,7,3,4,0,3,8,37.5,5,9,3,6,8,15,5,0
Jordan Lotomba,SUI,"MF,DF",Nice,Ligue 1,26-018,1998,0.4,0,0,0,0,0,0,0,,0,0,0,0,0,0,1,0
Tom Louchet,FRA,MF,Nice,Ligue 1,21-166,2003,0.4,0,0,0,0,0,0,0,,0,0,0,0,0,0,0,0
Sandi Lovrić,SVN,MF,Udinese,Serie A,26-203,1998,3.5,7,5,4,2,1,4,8,50.0,4,4,0,4,5,12,1,0
Pol Lozano,ESP,MF,Espanyol,La Liga,25-011,1999,4.2,13,9,6,6,1,6,11,54.5,5,3,2,1,1,14,4,0
Lorenzo Lucca,ITA,FW,Udinese,Serie A,24-037,2000,5.1,7,4,1,2,4,3,5,60.0,2,2,0,2,1,8,2,0
Jhon Lucumí,COL,DF,Bologna,Serie A,26-113,1998,3.4,5,3,4,1,0,3,6,50.0,3,6,3,3,3,8,11,0
José Luis Palomino,ARG,DF,Cagliari,Serie A,34-286,1990,1.0,1,1,0,0,1,0,1,0.0,1,1,1,0,0,1,3,0
Douglas Luiz,BRA,MF,Juventus,Serie A,26-161,1998,2.0,4,2,2,2,0,3,4,75.0,1,2,0,2,1,5,0,0
Romelu Lukaku,BEL,FW,Napoli,Serie A,31-157,1993,3.8,0,0,0,0,0,0,2,0.0,2,0,0,0,0,0,4,0
Castello Lukeba,FRA,DF,RB Leipzig,Bundesliga,21-305,2002,4.9,8,3,2,5,1,2,5,40.0,3,8,4,4,3,11,14,0
Dodi Lukebakio,BEL,FW,Sevilla,La Liga,27-023,1997,7.3,5,4,2,2,1,1,4,25.0,3,5,0,5,1,6,3,0
Saša Lukić,SRB,MF,Fulham,Premier League,28-065,1996,6.1,12,6,6,5,1,3,15,20.0,12,6,3,3,8,20,6,0
Andriy Lunin,UKR,GK,Real Madrid,La Liga,25-249,1999,1.0,0,0,0,0,0,0,0,,0,0,0,0,0,0,0,0
Massimo Luongo,AUS,MF,Ipswich Town,Premier League,32-022,1992,1.6,5,3,5,0,0,4,6,66.7,2,3,2,1,2,7,2,0
Sebastiano Luperto,ITA,DF,Cagliari,Serie A,28-041,1996,7.0,9,6,7,1,1,3,6,50.0,3,7,5,2,8,17,29,0
Zito Luvumbo,ANG,"FW,MF",Cagliari,Serie A,22-222,2002,5.3,1,0,1,0,0,0,4,0.0,4,1,0,1,0,1,1,0
Charalambos Lykogiannis,GRE,DF,Bologna,Serie A,30-361,1993,4.5,5,2,3,2,0,3,7,42.9,4,1,1,0,3,8,13,0
Senne Lynen,BEL,MF,Werder Bremen,Bundesliga,25-241,1999,4.8,11,5,5,3,3,6,7,85.7,1,8,1,7,4,15,10,0
Othmane Maamma,FRA,FW,Montpellier,Ligue 1,19-011,2005,0.1,0,0,0,0,0,0,0,,0,0,0,0,0,0,0,0
Ian Maatsen,NED,"DF,MF",Aston Villa,Premier League,22-221,2002,1.4,5,3,1,4,0,1,2,50.0,1,1,0,1,0,5,3,1
Alexis Mac Allister,ARG,MF,Liverpool,Premier League,25-298,1998,6.2,18,13,6,11,1,11,24,45.8,13,17,0,17,3,21,7,0
Deiver Machado,COL,DF,Lens,Ligue 1,31-045,1993,2.6,2,1,2,0,0,2,2,100.0,0,2,0,2,1,3,4,0
Shuto Machino,JPN,"FW,MF",Holstein Kiel,Bundesliga,25-017,1999,4.2,2,2,1,0,1,2,4,50.0,2,0,0,0,2,4,2,0
Darwin Machís,VEN,"FW,MF",Valladolid,La Liga,31-253,1993,3.0,0,0,0,0,0,0,4,0.0,4,2,0,2,1,1,3,0
Yvann Macon,FRA,DF,Saint-Étienne,Ligue 1,26-016,1998,1.6,2,1,0,2,0,1,1,100.0,0,1,1,0,0,2,4,1
James Maddison,ENG,MF,Tottenham,Premier League,27-329,1996,6.3,9,5,1,6,2,4,11,36.4,7,3,2,1,5,14,7,0
Eros Maddy,NED,DF,Auxerre,Ligue 1,23-255,2001,0.1,0,0,0,0,0,0,0,,0,0,0,0,0,0,0,0
Noni Madueke,ENG,FW,Chelsea,Premier League,22-221,2002,5.3,8,6,2,5,1,4,10,40.0,6,2,0,2,3,11,4,0
Pablo Maffeo,ESP,DF,Mallorca,La Liga,27-097,1997,5.4,13,7,7,5,1,7,10,70.0,3,8,2,6,4,17,16,0
Gabriel Magalhães,BRA,DF,Arsenal,Premier League,26-303,1997,7.0,6,3,4,2,0,4,7,57.1,3,17,12,5,4,10,27,1
Soungoutou Magassa,FRA,MF,Monaco,Ligue 1,21-009,2003,1.9,12,8,3,8,1,7,9,77.8,2,1,0,1,4,16,1,1
Giangiacomo Magnani,ITA,DF,Hellas Verona,Serie A,29-013,1995,3.3,5,5,3,2,0,1,1,100.0,0,6,4,2,4,9,12,0
Hugo Magnetti,FRA,MF,Brest,Ligue 1,26-140,1998,5.3,5,1,3,2,0,4,9,44.4,5,5,1,4,5,10,9,0
Frank Magri,CMR,"FW,MF",Toulouse,Ligue 1,25-043,1999,3.1,1,0,0,0,1,1,4,25.0,3,7,0,7,1,2,3,0
Harry Maguire,ENG,DF,Manchester Utd,Premier League,31-226,1993,2.7,2,1,2,0,0,2,2,100.0,0,2,2,0,6,8,10,0
Jon Magunacelaya,ESP,MF,Real Sociedad,La Liga,24-096,2000,0.1,1,1,1,0,0,0,0,,0,0,0,0,0,1,0,0
Arne Maier,GER,MF,Augsburg,Bundesliga,25-283,1999,1.9,1,0,0,1,0,1,1,100.0,0,3,0,3,0,1,0,0
Mike Maignan,FRA,GK,Milan,Serie A,29-106,1995,7.0,0,0,0,0,0,0,0,,0,0,0,0,0,0,4,1
Patrick Mainka,GER,DF,Heidenheim,Bundesliga,29-346,1994,6.0,6,4,6,0,0,3,4,75.0,1,10,5,5,10,16,28,0
Kobbie Mainoo,ENG,MF,Manchester Utd,Premier League,19-181,2005,6.3,16,13,12,3,1,10,15,66.7,5,5,1,4,14,30,2,1
Ainsley Maitland-Niles,ENG,"DF,MF",Lyon,Ligue 1,27-049,1997,5.1,23,15,8,9,6,16,20,80.0,4,6,1,5,11,34,10,2
Lovro Majer,CRO,MF,Wolfsburg,Bundesliga,26-274,1998,1.3,0,0,0,0,0,0,1,0.0,1,1,0,1,0,0,1,0
Jordy Makengo,FRA,DF,Freiburg,Bundesliga,23-075,2001,0.3,3,2,3,0,0,2,2,100.0,0,0,0,0,0,3,4,0
Antoine Makoumbou,CGO,MF,Cagliari,Serie A,26-091,1998,2.4,3,2,2,1,0,1,2,50.0,1,7,1,6,3,6,3,0
Julián Malatini,ARG,DF,Werder Bremen,Bundesliga,23-139,2001,2.4,6,6,3,2,1,3,5,60.0,2,2,2,0,3,9,9,0
Daniel Maldini,ITA,MF,Monza,Serie A,23-006,2001,5.6,9,4,1,8,0,3,5,60.0,2,3,2,1,2,11,3,1
Youssef Maleh,MAR,MF,Empoli,Serie A,26-056,1998,3.0,4,3,2,2,0,1,3,33.3,2,5,2,3,3,7,3,0
Donyell Malen,NED,"FW,DF",Dortmund,Bundesliga,25-282,1999,2.1,0,0,0,0,0,0,0,,0,2,0,2,1,1,1,0
Ruslan Malinovskyi,UKR,"MF,FW",Genoa,Serie A,31-166,1993,2.5,8,6,2,5,1,2,3,66.7,1,1,0,1,1,9,3,0
Lennard Maloney,USA,MF,Heidenheim,Bundesliga,25-009,1999,3.9,8,3,5,2,1,6,8,75.0,2,5,1,4,5,13,16,0
Giorgi Mamardashvili,GEO,GK,Valencia,La Liga,24-018,2000,9.0,0,0,0,0,0,0,0,,0,0,0,0,0,0,2,0
Dennis Man,ROU,FW,Parma,Serie A,26-052,1998,6.3,2,2,1,0,1,2,4,50.0,2,1,1,0,2,4,2,0
Hianga Mananga Mbock,FRA,MF,Brest,Ligue 1,24-294,1999,0.2,0,0,0,0,0,0,0,,0,0,0,0,1,1,0,0
Gianluca Mancini,ITA,DF,Roma,Serie A,28-183,1996,6.6,8,4,3,3,2,4,5,80.0,1,8,6,2,6,14,9,0
Steve Mandanda,FRA,GK,Rennes,Ligue 1,39-203,1985,7.0,0,0,0,0,0,0,1,0.0,1,0,0,0,0,0,0,0
Reinildo Mandava,MOZ,DF,Atlético Madrid,La Liga,30-270,1994,5.1,9,5,4,4,1,4,7,57.1,3,6,3,3,8,17,18,0
Aïssa Mandi,ALG,DF,Lille,Ligue 1,32-361,1991,3.5,6,4,1,5,0,3,4,75.0,1,2,2,0,3,9,5,0
Rolando Mandragora,ITA,MF,Fiorentina,Serie A,27-110,1997,3.0,1,0,0,0,1,0,1,0.0,1,3,1,2,5,6,4,1
Orel Mangala,BEL,MF,Everton,Premier League,26-213,1998,2.8,6,2,0,6,0,1,2,50.0,1,0,0,0,9,15,0,0
Orel Mangala,BEL,MF,Lyon,Ligue 1,26-213,1998,0.7,1,0,0,0,1,0,1,0.0,1,2,0,2,0,1,1,0
Ryan Manning,IRL,DF,Southampton,Premier League,28-125,1996,0.8,3,2,1,2,0,1,1,100.0,0,2,2,0,0,3,3,0
Javier Manquillo,ESP,DF,Celta Vigo,La Liga,30-165,1994,2.7,3,2,2,1,0,1,3,33.3,2,3,2,1,3,6,9,0
Johan Manzambi,SUI,FW,Freiburg,Bundesliga,19-003,2005,0.1,0,0,0,0,0,0,0,,0,0,0,0,0,0,0,0
Alberto Manzoni,ITA,MF,Atalanta,Serie A,19-114,2005,0.1,0,0,0,0,0,0,0,,0,0,0,0,0,0,0,0
Sekou Mara,FRA,"FW,MF",Strasbourg,Ligue 1,22-079,2002,1.3,1,1,0,0,1,0,2,0.0,2,1,0,1,2,3,1,0
Marcão,BRA,DF,Sevilla,La Liga,28-134,1996,3.3,7,5,4,3,0,1,1,100.0,0,4,3,1,3,10,14,1
Filip Marchwiński,POL,MF,Lecce,Serie A,22-281,2002,0.2,0,0,0,0,0,0,0,,0,0,0,0,0,0,0,0
Óscar de Marcos,ESP,DF,Athletic Club,La Liga,35-186,1989,4.6,13,6,7,6,0,8,12,66.7,4,6,0,6,10,23,10,0
Alberto Marí,ESP,FW,Valencia,La Liga,23-098,2001,0.1,0,0,0,0,0,0,0,,0,0,0,0,0,0,0,0
Pablo Marí,ESP,DF,Monza,Serie A,31-047,1993,7.0,7,5,5,2,0,3,7,42.9,4,8,8,0,17,24,41,0
José María Giménez,URU,DF,Atlético Madrid,La Liga,29-271,1995,7.0,7,4,5,2,0,6,9,66.7,3,7,5,2,7,14,33,0
Mirko Marić,CRO,FW,Monza,Serie A,29-154,1995,0.1,0,0,0,0,0,0,0,,0,1,1,0,0,0,0,0
Pablo Marín,ESP,MF,Real Sociedad,La Liga,21-106,2003,0.5,1,1,0,1,0,1,1,100.0,0,0,0,0,0,1,0,0
Răzvan Marin,ROU,MF,Cagliari,Serie A,28-147,1996,5.1,9,5,2,6,1,6,11,54.5,5,3,0,3,1,10,8,1
Guillermo Maripán,CHI,DF,Torino,Serie A,30-164,1994,1.4,2,0,1,1,0,1,1,100.0,0,2,0,2,1,3,6,0
Mika Màrmol,ESP,DF,Las Palmas,La Liga,22-107,2002,5.5,12,4,8,3,1,4,6,66.7,2,7,2,5,8,20,16,0
Omar Marmoush,EGY,"FW,MF",Eint Frankfurt,Bundesliga,25-253,1999,5.6,5,3,0,3,2,0,2,0.0,2,5,1,4,1,6,1,0
Mario Maroto,ESP,MF,Valladolid,La Liga,20-324,2003,0.2,0,0,0,0,0,0,1,0.0,1,0,0,0,2,2,1,0
Marquinhos,BRA,DF,Paris S-G,Ligue 1,30-156,1994,5.0,7,5,2,4,1,4,4,100.0,0,8,3,5,2,9,10,0
Aarón Martín,ESP,DF,Genoa,Serie A,27-178,1997,5.9,16,12,8,7,1,8,10,80.0,2,2,0,2,4,20,13,1
Carlos Martín,ESP,"FW,MF",Alavés,La Liga,22-178,2002,2.0,5,2,1,3,1,2,6,33.3,4,5,1,4,0,5,3,0
Gerard Martín,ESP,DF,Barcelona,La Liga,22-290,2002,2.9,5,2,3,2,0,4,6,66.7,2,5,1,4,2,7,9,0
Iván Martín,ESP,MF,Girona,La Liga,25-246,1999,7.3,12,7,7,4,1,5,14,35.7,9,10,1,9,5,17,3,0
Jon Martin,ESP,DF,Real Sociedad,La Liga,18-290,2006,1.0,0,0,0,0,0,0,0,,0,1,1,0,1,1,6,0
Jonas Martin,FRA,"MF,FW",Brest,Ligue 1,34-191,1990,3.0,5,3,4,1,0,2,4,50.0,2,3,0,3,6,11,4,0
Mario Martín,ESP,MF,Valladolid,La Liga,20-226,2004,4.1,15,8,7,7,1,8,16,50.0,8,2,1,1,2,17,5,1
Gabriel Martinelli,BRA,"MF,FW",Arsenal,Premier League,23-121,2001,4.9,6,5,0,1,5,3,6,50.0,3,2,0,2,0,6,8,0
Arnau Martinez,ESP,DF,Girona,La Liga,21-175,2003,4.1,9,6,5,2,2,5,7,71.4,2,0,0,0,0,9,11,1
Emiliano Martínez,ARG,GK,Aston Villa,Premier League,32-045,1992,7.0,0,0,0,0,0,0,0,,0,0,0,0,0,0,6,2
Iñigo Martínez,ESP,DF,Barcelona,La Liga,33-153,1991,7.8,7,4,5,2,0,3,3,100.0,0,3,3,0,3,10,27,0
Javi Martínez,ESP,MF,Osasuna,La Liga,24-300,1999,0.1,0,0,0,0,0,0,0,,0,0,0,0,0,0,0,0
Lautaro Martínez,ARG,FW,Inter,Serie A,27-056,1997,5.4,6,3,2,2,2,2,4,50.0,2,1,0,1,1,7,1,0
Lisandro Martínez,ARG,DF,Manchester Utd,Premier League,26-273,1998,5.8,9,6,8,0,1,5,11,45.5,6,5,2,3,17,26,14,1
Lucas Martínez Quarta,ARG,DF,Fiorentina,Serie A,28-160,1996,2.4,10,5,8,2,0,7,12,58.3,5,4,2,2,1,11,17,0
Toni Martínez,ESP,FW,Alavés,La Liga,27-109,1997,3.0,3,2,0,1,2,0,1,0.0,1,3,1,2,0,3,4,0
Kevin Martins,ITA,DF,Monza,Serie A,19-260,2005,0.0,0,0,0,0,0,0,0,,0,0,0,0,0,0,0,0
Javi Martón,ESP,FW,Athletic Club,La Liga,25-164,1999,0.2,0,0,0,0,0,0,0,,0,0,0,0,0,0,0,0
Adam Marušić,MNE,DF,Lazio,Serie A,32-000,1992,3.4,5,2,2,3,0,3,6,50.0,3,1,0,1,4,9,8,0
Marvin,ESP,"DF,FW",Las Palmas,La Liga,24-106,2000,4.5,10,5,5,3,2,5,16,31.3,11,4,1,3,5,15,13,0
Omar Mascarell,EQG,MF,Mallorca,La Liga,31-258,1993,5.1,10,4,6,4,0,5,10,50.0,5,8,5,3,8,18,19,1
Adam Masina,MAR,DF,Torino,Serie A,30-289,1994,6.7,9,7,8,1,0,6,12,50.0,6,9,7,2,4,13,28,1
Erhan Mašović,SRB,DF,Bochum,Bundesliga,25-330,1998,3.2,3,3,2,1,0,2,4,50.0,2,6,5,1,4,7,14,0
Clinton Mata,ANG,DF,Lyon,Ligue 1,31-345,1992,6.0,11,6,5,5,1,8,8,100.0,0,6,3,3,11,22,11,2
Jaime Mata,ESP,FW,Las Palmas,La Liga,35-359,1988,2.3,1,0,1,0,0,1,5,20.0,4,2,0,2,1,2,0,0
Igor Matanovic,CRO,FW,Eint Frankfurt,Bundesliga,21-200,2003,1.6,1,0,0,1,0,0,0,,0,1,0,1,0,1,3,0
Pape Matar Sarr,SEN,MF,Tottenham,Premier League,22-033,2002,2.4,10,6,3,6,1,0,1,0.0,1,5,0,5,1,11,0,0
Eliot Matazo,BEL,MF,Monaco,Ligue 1,22-245,2002,0.0,0,0,0,0,0,0,0,,0,0,0,0,0,0,0,0
Jean-Philippe Mateta,FRA,FW,Crystal Palace,Premier League,27-111,1997,5.1,1,0,0,1,0,0,2,0.0,2,3,0,3,0,1,2,0
Nemanja Matić,SRB,MF,Lyon,Ligue 1,36-077,1988,4.0,8,7,2,5,1,3,8,37.5,5,4,1,3,2,10,4,0
Chrislain Matsima,FRA,DF,Augsburg,Bundesliga,22-155,2002,0.6,0,0,0,0,0,0,0,,0,3,3,0,3,3,5,0
Jean Mattéo Bahoya,FRA,MF,Eint Frankfurt,Bundesliga,19-163,2005,0.3,2,2,1,1,0,2,3,66.7,1,0,0,0,0,2,0,0
Alan Matturro,URU,DF,Genoa,Serie A,20-006,2004,0.2,0,0,0,0,0,0,0,,0,0,0,0,0,0,0,0
Azor Matusiwa,NED,MF,Rennes,Ligue 1,26-172,1998,6.8,24,13,11,12,1,14,17,82.4,3,11,3,8,11,35,13,0
Neal Maupay,FRA,FW,Marseille,Ligue 1,28-064,1996,1.7,1,0,1,0,0,0,0,,0,1,0,1,0,1,0,0
Stephy Mavididi,ENG,FW,Leicester City,Premier League,26-139,1998,4.3,11,7,5,4,2,5,12,41.7,7,9,1,8,1,12,2,0
Konstantinos Mavropanos,GRE,DF,West Ham,Premier League,26-311,1997,5.5,10,7,8,2,0,5,8,62.5,3,10,8,2,12,22,34,0
Christian Mawissa,FRA,DF,Monaco,Ligue 1,19-182,2005,1.8,9,5,3,5,1,9,11,81.8,2,4,1,3,7,16,2,0
Keke Maximilian Topp,GER,"FW,MF",Werder Bremen,Bundesliga,20-206,2004,1.3,1,0,0,0,1,0,0,,0,0,0,0,1,2,0,0
Borja Mayoral,ESP,FW,Getafe,La Liga,27-195,1997,1.4,1,1,1,0,0,0,0,,0,1,0,1,0,1,1,0
Senny Mayulu,FRA,"MF,DF",Paris S-G,Ligue 1,18-153,2006,0.5,3,2,1,2,0,0,1,0.0,1,4,2,2,1,4,0,0
Noussair Mazraoui,MAR,DF,Manchester Utd,Premier League,26-338,1997,6.2,21,10,12,5,4,12,16,75.0,4,5,0,5,8,29,16,0
Luca Mazzitelli,ITA,MF,Como,Serie A,28-337,1995,1.9,6,3,3,3,0,3,5,60.0,2,5,2,3,2,8,6,0
Pasquale Mazzocchi,ITA,DF,Napoli,Serie A,29-082,1995,4.0,4,2,2,1,1,1,4,25.0,3,1,1,0,3,7,10,0
Samuel Mbangula,BEL,FW,Juventus,Serie A,20-275,2004,3.4,9,7,7,1,1,5,7,71.4,2,4,0,4,0,9,2,0
Ethan Mbappé,FRA,"MF,FW",Lille,Ligue 1,17-293,2006,0.9,1,0,0,1,0,0,2,0.0,2,4,0,4,0,1,0,0
Kylian Mbappé,FRA,FW,Real Madrid,La Liga,25-302,1998,7.5,1,1,0,1,0,0,0,,0,0,0,0,0,1,0,0
Ibrahim Mbaye,FRA,"FW,MF",Paris S-G,Ligue 1,16-267,2008,0.9,0,0,0,0,0,0,2,0.0,2,0,0,0,0,0,0,0
Bryan Mbeumo,CMR,FW,Brentford,Premier League,25-071,1999,7.0,8,6,5,1,2,3,4,75.0,1,3,1,2,2,10,4,0
James Mcatee,ENG,FW,Manchester City,Premier League,21-365,2002,0.0,0,0,0,0,0,0,0,,0,1,0,1,0,0,0,0
Kasey McAteer,IRL,"DF,FW",Leicester City,Premier League,22-330,2001,0.1,2,1,2,0,0,1,2,50.0,1,4,0,4,0,2,3,0
Oliver McBurnie,SCO,FW,Las Palmas,La Liga,28-135,1996,7.1,5,4,2,2,1,2,4,50.0,2,3,1,2,3,8,6,0
Alex McCarthy,ENG,GK,Southampton,Premier League,34-319,1989,2.0,0,0,0,0,0,0,0,,0,0,0,0,0,0,0,1
John McGinn,SCO,"FW,MF",Aston Villa,Premier League,29-365,1994,3.9,4,3,1,3,0,2,3,66.7,1,3,0,3,1,5,1,0
Scott McKenna,SCO,DF,Las Palmas,La Liga,27-340,1996,4.1,4,3,3,1,0,3,4,75.0,1,6,5,1,0,4,18,0
Weston McKennie,USA,MF,Juventus,Serie A,26-050,1998,2.1,3,2,1,2,0,1,2,50.0,1,3,0,3,0,3,0,0
Mark McKenzie,USA,DF,Toulouse,Ligue 1,25-235,1999,4.7,9,6,3,6,0,6,9,66.7,3,8,5,3,3,12,18,0
Dwight McNeil,ENG,"MF,FW",Everton,Premier League,24-330,1999,6.9,6,4,3,3,0,3,7,42.9,4,4,0,4,4,10,1,0
Scott McTominay,SCO,MF,Manchester Utd,Premier League,27-314,1996,0.2,0,0,0,0,0,0,1,0.0,1,0,0,0,0,0,1,0
Scott McTominay,SCO,MF,Napoli,Serie A,27-314,1996,3.2,5,5,0,4,1,2,4,50.0,2,5,0,5,4,9,2,0
Jakov Medić,CRO,DF,Bochum,Bundesliga,26-040,1998,5.8,4,3,2,2,0,2,6,33.3,4,13,11,2,6,10,33,1
Facundo Medina,ARG,"DF,MF",Lens,Ligue 1,25-142,1999,7.0,11,7,6,4,1,5,8,62.5,3,6,0,6,8,19,23,0
Ben Mee,ENG,DF,Brentford,Premier League,35-026,1989,0.0,0,0,0,0,0,0,0,,0,0,0,0,0,0,0,0
Henrik Meister,DEN,FW,Rennes,Ligue 1,20-335,2003,0.7,2,0,0,2,0,0,0,,0,4,0,4,1,3,0,0
Bamo Meïté,CIV,"DF,MF",Marseille,Ligue 1,22-319,2001,0.3,0,0,0,0,0,0,0,,0,0,0,0,0,0,1,0
Mateo Mejía,ESP,FW,Sevilla,La Liga,21-200,2003,0.1,0,0,0,0,0,0,0,,0,0,0,0,0,0,0,0
Farid El Melali,ALG,"FW,DF",Angers,Ligue 1,27-165,1997,4.3,6,1,1,2,3,3,10,30.0,7,4,1,3,3,9,3,1
Filippo Melegoni,ITA,MF,Genoa,Serie A,25-242,1999,0.3,0,0,0,0,0,0,2,0.0,2,0,0,0,0,0,0,0
Nuno Mendes,POR,DF,Paris S-G,Ligue 1,22-120,2002,2.8,4,3,1,3,0,3,6,50.0,3,3,1,2,0,4,2,0
Brais Méndez,ESP,MF,Real Sociedad,La Liga,27-284,1997,3.6,4,2,1,1,2,2,7,28.6,5,2,0,2,2,6,1,0
Antoine Mendy,FRA,"DF,MF",Nice,Ligue 1,20-143,2004,3.2,10,6,6,4,0,6,10,60.0,4,3,1,2,2,12,9,0
Ferland Mendy,FRA,DF,Real Madrid,La Liga,29-131,1995,6.2,14,11,5,5,4,7,8,87.5,1,7,2,5,6,20,5,1
Nampalys Mendy,SEN,MF,Lens,Ligue 1,32-116,1992,1.0,4,2,3,1,0,2,4,50.0,2,0,0,0,1,5,0,0
Gideon Mensah,GHA,DF,Auxerre,Ligue 1,26-091,1998,1.3,4,2,3,0,1,1,4,25.0,3,1,0,1,2,6,3,0
Alex Meret,ITA,GK,Napoli,Serie A,27-209,1997,4.4,0,0,0,0,0,0,0,,0,0,0,0,0,0,0,0
Mikel Merino,ESP,MF,Arsenal,Premier League,28-117,1996,0.3,3,2,0,2,1,2,2,100.0,0,2,2,0,2,5,0,0
Quentin Merlin,FRA,"DF,MF",Marseille,Ligue 1,22-154,2002,3.0,2,1,1,0,1,1,3,33.3,2,1,1,0,2,4,3,0
Víctor Meseguer,ESP,MF,Valladolid,La Liga,25-130,1999,2.9,7,5,4,2,1,1,6,16.7,5,3,0,3,0,7,3,1
Junior Messias,BRA,"MF,FW",Genoa,Serie A,33-157,1991,2.9,4,1,3,1,0,1,1,100.0,0,1,1,0,3,7,5,0
Connor Metcalfe,AUS,MF,St. Pauli,Bundesliga,24-347,1999,2.5,1,0,0,1,0,0,3,0.0,3,3,0,3,2,3,4,0
Karol Mets,EST,DF,St. Pauli,Bundesliga,31-154,1993,6.0,6,3,3,3,0,1,3,33.3,2,4,1,3,5,11,36,0
Thomas Meunier,BEL,DF,Lille,Ligue 1,33-035,1991,3.7,9,6,5,3,1,5,6,83.3,1,5,2,3,4,13,10,0
Florian Micheler,AUT,MF,Hoffenheim,Bundesliga,19-153,2005,0.4,0,0,0,0,0,0,2,0.0,2,0,0,0,0,0,0,0
Miguel,ESP,FW,Leganés,La Liga,25-044,1999,5.4,2,1,1,1,0,1,4,25.0,3,7,0,7,1,3,2,0
Valentin Mihaila,ROU,"FW,MF",Parma,Serie A,24-258,2000,4.7,12,3,3,6,3,2,6,33.3,4,5,0,5,0,12,1,0
Georges Mikautadze,GEO,FW,Lyon,Ligue 1,23-352,2000,3.9,3,2,1,1,1,1,1,100.0,0,2,0,2,1,4,0,0
Nikola Milenković,SRB,DF,Nott'ham Forest,Premier League,27-005,1997,6.0,4,4,2,2,0,1,1,100.0,0,7,6,1,6,10,24,0
Vanja Milinković-Savić,SRB,GK,Torino,Serie A,27-240,1997,6.0,0,0,0,0,0,0,2,0.0,2,0,0,0,0,0,2,0
Éder Militão,BRA,DF,Real Madrid,La Liga,26-273,1998,8.1,13,12,10,3,0,7,12,58.3,5,11,8,3,9,22,29,0
Luis Milla,ESP,MF,Getafe,La Liga,30-010,1994,8.8,16,12,9,6,1,10,21,47.6,11,13,0,13,6,22,8,0
Pere Milla,ESP,"MF,FW",Espanyol,La Liga,32-024,1992,1.6,3,1,2,0,1,0,8,0.0,8,5,2,3,1,4,2,0
Enzo Millot,FRA,MF,Stuttgart,Bundesliga,22-092,2002,4.7,5,5,0,3,2,2,9,22.2,7,8,0,8,3,8,2,0
James Milner,ENG,MF,Brighton,Premier League,38-287,1986,1.9,5,2,1,3,1,3,3,100.0,0,4,2,2,2,7,2,1
Kim Min-jae,KOR,DF,Bayern Munich,Bundesliga,27-337,1996,5.9,8,5,2,6,0,2,3,66.7,1,6,2,4,11,19,11,1
Yerry Mina,COL,DF,Cagliari,Serie A,30-024,1994,5.5,12,4,5,6,1,9,12,75.0,3,12,6,6,6,18,24,1
Takumi Minamino,JPN,MF,Monaco,Ligue 1,29-275,1995,4.9,3,3,2,1,0,1,6,16.7,5,5,0,5,3,6,4,0
Lucas Mincarelli,FRA,DF,Montpellier,Ligue 1,20-286,2004,2.4,3,3,0,2,1,1,4,25.0,3,1,1,0,1,4,6,0
Óscar Mingueza,ESP,"MF,DF",Celta Vigo,La Liga,25-157,1999,6.5,10,5,4,6,0,7,13,53.8,6,11,3,8,1,11,12,1
Yankuba Minteh,GAM,"FW,MF",Brighton,Premier League,20-087,2004,4.5,5,3,1,1,3,3,11,27.3,8,7,0,7,3,8,4,0
Bojan Miovski,MKD,FW,Girona,La Liga,25-115,1999,1.9,2,2,0,0,2,1,5,20.0,4,3,0,3,0,2,1,0
Rafa Mir,ESP,"MF,FW",Valencia,La Liga,27-121,1997,2.7,6,3,4,2,0,1,3,33.3,2,1,0,1,0,6,5,0
Juan Miranda,ESP,DF,Bologna,Serie A,24-272,2000,2.5,9,5,3,4,2,4,6,66.7,2,2,0,2,2,11,1,0
Fabio Miretti,ITA,MF,Genoa,Serie A,21-075,2003,1.5,4,3,2,2,0,3,3,100.0,0,2,0,2,1,5,1,0
Tyrick Mitchell,ENG,"DF,MF",Crystal Palace,Premier League,25-046,1999,6.6,23,17,13,9,1,3,6,50.0,3,12,3,9,4,27,17,1
Kaoru Mitoma,JPN,"FW,MF",Brighton,Premier League,27-150,1997,6.9,12,6,4,4,4,8,14,57.1,6,11,0,11,3,15,1,0
Maximilian Mittelstädt,GER,DF,Stuttgart,Bundesliga,27-213,1997,5.1,16,10,10,6,0,10,15,66.7,5,12,5,7,7,23,14,1
Koji Miyoshi,JPN,MF,Bochum,Bundesliga,27-205,1997,0.9,2,2,0,1,1,0,2,0.0,2,2,1,1,0,2,1,0
Henrikh Mkhitaryan,ARM,MF,Inter,Serie A,35-270,1989,5.9,8,4,1,4,3,4,8,50.0,4,5,0,5,2,10,10,0
Luka Modrić,CRO,MF,Real Madrid,La Liga,39-038,1985,5.5,4,1,3,0,1,3,8,37.5,5,3,0,3,5,9,6,0
Max Moerstedt,GER,FW,Hoffenheim,Bundesliga,,,0.6,0,0,0,0,0,0,0,,0,0,0,0,0,0,2,0
Mostafa Mohamed,EGY,"FW,MF",Nantes,Ligue 1,26-324,1997,1.3,1,1,1,0,0,0,1,0.0,1,1,0,1,1,2,4,0
Johan Mojica,COL,DF,Mallorca,La Liga,32-057,1992,7.1,10,6,8,1,1,6,10,60.0,4,3,1,2,7,17,21,0
Alberto Moleiro,ESP,"FW,MF",Las Palmas,La Liga,21-017,2003,7.6,7,3,4,3,0,6,13,46.2,7,5,0,5,2,9,2,0
Nahuel Molina,ARG,DF,Atlético Madrid,La Liga,26-194,1998,4.3,11,4,7,4,0,8,12,66.7,4,7,0,7,4,15,16,0
Florent Mollet,FRA,"MF,FW",Nantes,Ligue 1,32-333,1991,0.3,0,0,0,0,0,0,0,,0,0,0,0,0,0,0,0
Jon Moncayola,ESP,"MF,FW",Osasuna,La Liga,26-157,1998,5.8,22,10,3,16,3,5,12,41.7,7,10,1,9,5,27,6,0
Gonzalo Montiel,ARG,MF,Sevilla,La Liga,27-290,1997,0.0,0,0,0,0,0,0,0,,0,0,0,0,0,0,0,0
Lorenzo Montipò,ITA,GK,Hellas Verona,Serie A,28-240,1996,7.0,0,0,0,0,0,0,0,,0,0,0,0,0,0,2,2
Mikey Moore,ENG,FW,Tottenham,Premier League,17-067,2007,0.3,0,0,0,0,0,0,0,,0,0,0,0,0,0,0,0
Álvaro Morata,ESP,"MF,FW",Milan,Serie A,31-360,1992,3.1,2,1,0,2,0,0,1,0.0,1,4,1,3,2,4,1,0
Morato,BRA,DF,Nott'ham Forest,Premier League,23-109,2001,0.4,1,1,1,0,0,0,0,,0,1,1,0,0,1,10,0
Diego Moreira,POR,"DF,FW",Strasbourg,Ligue 1,20-072,2004,5.2,9,5,1,4,4,5,8,62.5,3,3,0,3,7,16,12,0
Alberto Moreno,ESP,DF,Como,Serie A,32-104,1992,7.0,10,4,6,4,0,3,8,37.5,5,7,1,6,6,16,11,1
Álex Moreno,ESP,DF,Nott'ham Forest,Premier League,31-131,1993,3.2,10,8,10,0,0,7,16,43.8,9,3,1,2,6,16,9,0
Gerard Moreno,ESP,FW,Villarreal,La Liga,32-193,1992,1.3,2,2,0,0,2,1,1,100.0,0,0,0,0,0,2,1,0
Tete Morente,ESP,FW,Lecce,Serie A,27-318,1996,3.6,5,3,2,3,0,2,9,22.2,7,6,0,6,3,8,3,0
Ilaix Moriba,GUI,MF,Celta Vigo,La Liga,21-272,2003,3.4,7,5,2,5,0,6,15,40.0,9,3,1,2,4,11,3,0
Manu Morlanes,ESP,MF,Mallorca,La Liga,25-279,1999,3.9,5,4,2,3,0,3,5,60.0,2,6,3,3,10,15,5,0
Nikola Moro,CRO,MF,Bologna,Serie A,26-219,1998,3.2,7,7,3,4,0,4,7,57.1,3,6,3,3,2,9,3,0
Raúl Moro,ESP,"FW,MF",Valladolid,La Liga,21-317,2002,6.5,8,6,5,2,1,4,11,36.4,7,3,0,3,6,14,2,0
Sam Morsy,EGY,MF,Ipswich Town,Premier League,33-037,1991,6.9,20,11,10,8,2,8,14,57.1,6,8,3,5,3,23,11,1
Cristhian Mosquera,ESP,DF,Valencia,La Liga,20-112,2004,9.0,6,3,5,1,0,1,3,33.3,2,11,7,4,10,16,26,0
Daniel Mosquera,COL,"FW,MF",Hellas Verona,Serie A,24-363,1999,2.9,2,1,1,1,0,0,2,0.0,2,2,1,1,0,2,2,0
Yerson Mosquera,COL,DF,Wolves,Premier League,23-168,2001,4.9,11,7,9,2,0,9,14,64.3,5,13,10,3,10,21,14,0
Dany Mota,POR,MF,Monza,Serie A,26-168,1998,2.6,2,0,1,0,1,0,0,,0,3,0,3,2,4,2,0
Aimen Moueffek,FRA,MF,Saint-Étienne,Ligue 1,23-191,2001,3.4,5,1,0,4,1,1,5,20.0,4,5,3,2,2,7,12,0
Youssoufa Moukoko,GER,"FW,MF",Nice,Ligue 1,19-332,2004,1.2,1,0,1,0,0,0,1,0.0,1,0,0,0,0,1,0,0
Steve Mounié,BEN,FW,Augsburg,Bundesliga,30-018,1994,2.0,2,2,0,0,2,0,1,0.0,1,1,1,0,0,2,1,0
Mason Mount,ENG,"MF,FW",Manchester Utd,Premier League,25-281,1999,1.6,5,1,2,3,0,4,5,80.0,1,3,0,3,0,5,0,0
Santiago Mouriño,URU,DF,Alavés,La Liga,22-247,2002,2.7,11,8,10,1,0,6,12,50.0,6,1,0,1,4,15,9,0
Louis Mouton,FRA,"MF,DF",Saint-Étienne,Ligue 1,22-136,2002,0.6,5,2,2,1,2,1,3,33.3,2,0,0,0,0,5,2,0
Mykhailo Mudryk,UKR,FW,Chelsea,Premier League,23-286,2001,0.9,0,0,0,0,0,0,0,,0,1,1,0,0,0,0,0
Ngal'Ayel Mukau,,MF,Lille,Ligue 1,19-322,2004,1.4,7,5,2,4,1,5,9,55.6,4,2,0,2,2,9,1,0
Nordi Mukiele,FRA,DF,Leverkusen,Bundesliga,26-351,1997,0.6,2,2,0,1,1,2,2,100.0,0,1,0,1,1,3,2,1
Florian Müller,GER,GK,Freiburg,Bundesliga,26-339,1997,2.0,0,0,0,0,0,0,0,,0,0,0,0,0,0,0,0
Kevin Müller,GER,GK,Heidenheim,Bundesliga,33-216,1991,6.0,0,0,0,0,0,0,0,,0,0,0,0,0,0,2,0
Thomas Müller,GER,"MF,FW",Bayern Munich,Bundesliga,35-034,1989,2.4,3,1,0,2,1,2,4,50.0,2,2,0,2,0,3,2,0
Abdul Mumin,GHA,DF,Rayo Vallecano,La Liga,26-133,1998,9.0,8,7,5,3,0,1,6,16.7,5,15,10,5,12,20,50,0
Marshall Munetsi,ZIM,MF,Reims,Ligue 1,28-117,1996,6.9,12,8,8,2,2,7,12,58.3,5,10,3,7,5,17,9,0
Rodrigo Muniz,BRA,FW,Fulham,Premier League,23-166,2001,3.2,0,0,0,0,0,0,0,,0,1,1,0,1,1,4,0
Aihen Muñoz,ESP,DF,Real Sociedad,La Liga,27-062,1997,1.4,1,1,1,0,0,1,2,50.0,1,0,0,0,1,2,7,0
Álex Muñoz,ESP,DF,Las Palmas,La Liga,30-079,1994,5.7,17,14,8,8,1,11,14,78.6,3,11,4,7,7,24,23,0
Daniel Muñoz,COL,"DF,MF",Crystal Palace,Premier League,28-144,1996,6.1,20,14,10,9,1,7,13,53.8,6,6,1,5,5,25,16,0
Iker Muñoz,ESP,MF,Osasuna,La Liga,21-347,2002,0.5,0,0,0,0,0,0,0,,0,0,0,0,0,0,1,0
Javier Muñoz,ESP,MF,Las Palmas,La Liga,29-232,1995,6.8,10,9,3,5,2,4,10,40.0,6,7,0,7,6,16,5,1
Arijanet Muric,KVX,GK,Ipswich Town,Premier League,25-345,1998,6.0,0,0,0,0,0,0,2,0.0,2,0,0,0,0,0,2,3
Murillo,BRA,DF,Nott'ham Forest,Premier League,22-105,2002,7.0,7,4,4,3,0,5,13,38.5,8,12,9,3,3,10,40,1
Vedat Muriqi,KVX,FW,Mallorca,La Liga,30-176,1994,5.2,0,0,0,0,0,0,0,,0,0,0,0,3,3,12,0
Jacob Murphy,ENG,FW,Newcastle Utd,Premier League,29-236,1995,4.5,8,6,4,3,1,5,8,62.5,3,6,0,6,1,9,2,0
Yunus Musah,USA,MF,Milan,Serie A,21-323,2002,1.7,6,5,2,2,2,1,1,100.0,0,2,0,2,1,7,1,0
Jamal Musiala,GER,MF,Bayern Munich,Bundesliga,21-234,2003,4.3,7,5,2,3,2,1,6,16.7,5,4,0,4,3,10,2,0
Florent Muslija,KVX,"FW,DF",Freiburg,Bundesliga,26-103,1998,0.9,4,3,3,0,1,2,2,100.0,0,0,0,0,1,5,0,0
Juan Musso,ARG,GK,Atalanta,Serie A,30-164,1994,1.0,0,0,0,0,0,0,0,,0,0,0,0,0,0,0,0
Juan Musso,ARG,GK,Atlético Madrid,La Liga,30-164,1994,1.0,0,0,0,0,0,0,0,,0,0,0,0,0,0,0,0
Kingstone Mutandwa,ZAM,"MF,FW",Cagliari,Serie A,21-286,2003,0.5,0,0,0,0,0,0,0,,0,0,0,0,0,0,0,0
Junior Mwanga,FRA,MF,Strasbourg,Ligue 1,21-159,2003,1.7,8,3,7,1,0,4,6,66.7,2,0,0,0,0,8,1,0
Phillipp Mwene,AUT,DF,Mainz 05,Bundesliga,30-262,1994,5.9,13,7,5,7,1,3,6,50.0,3,6,1,5,7,20,15,0
Vitaliy Mykolenko,UKR,DF,Everton,Premier League,25-141,1999,4.3,4,2,3,1,0,2,6,33.3,4,3,1,2,4,8,19,0
Joakim Mæhle,DEN,MF,Wolfsburg,Bundesliga,27-150,1997,0.0,0,0,0,0,0,0,0,,0,0,0,0,0,0,0,0
Obite N'Dicka,CIV,DF,Roma,Serie A,25-058,1999,7.0,8,7,4,4,0,4,4,100.0,0,8,6,2,7,15,27,1
Nathan N'Goumou,FRA,FW,Gladbach,Bundesliga,24-217,2000,2.4,5,5,3,1,1,2,4,50.0,2,5,0,5,2,7,3,0
Stanley N'Soki,FRA,DF,Hoffenheim,Bundesliga,25-191,1999,0.2,1,0,1,0,0,0,0,,0,1,0,1,0,1,3,0
Mickael Nade,FRA,DF,Saint-Étienne,Ligue 1,25-227,1999,2.6,9,6,5,4,0,3,3,100.0,0,9,3,6,3,12,8,1
Mahamadou Nagida,CMR,"MF,DF",Rennes,Ligue 1,19-111,2005,0.4,1,1,0,0,1,1,1,100.0,0,1,0,1,2,3,0,0
Keito Nakamura,JPN,FW,Reims,Ligue 1,24-081,2000,5.4,7,7,1,3,3,3,6,50.0,3,5,0,5,5,12,2,0
Sebastian Nanasi,SWE,"FW,MF",Strasbourg,Ligue 1,22-154,2002,4.5,3,2,0,3,0,1,4,25.0,3,4,1,3,0,3,3,0
Matija Nastasić,SRB,DF,Leganés,La Liga,31-203,1993,3.5,3,3,2,1,0,0,2,0.0,2,11,8,3,5,8,17,0
Natan,BRA,DF,Betis,La Liga,23-254,2001,7.1,8,6,6,1,1,6,6,100.0,0,9,5,4,9,17,32,0
Pau Navarro,ESP,DF,Villarreal,La Liga,19-175,2005,0.2,0,0,0,0,0,0,0,,0,0,0,0,0,0,4,0
Roberto Navarro,ESP,"MF,FW",Mallorca,La Liga,22-188,2002,3.9,6,5,3,1,2,1,5,20.0,4,7,0,7,6,12,3,0
Jesús Navas,ESP,"FW,MF",Sevilla,La Liga,38-331,1985,2.4,3,1,2,0,1,0,1,0.0,1,0,0,0,2,5,3,0
Michel Ndary Adopo,FRA,MF,Cagliari,Serie A,24-090,2000,2.9,7,3,3,4,0,1,4,25.0,3,0,0,0,4,11,1,0
Youssouf Ndayishimiye,BDI,DF,Nice,Ligue 1,25-356,1998,4.6,12,5,9,3,0,4,6,66.7,2,5,3,2,6,18,25,1
Iliman Ndiaye,SEN,FW,Everton,Premier League,24-225,2000,5.4,12,7,5,3,4,7,11,63.6,4,7,3,4,7,19,4,0
Rassoul Ndiaye,SEN,MF,Le Havre,Ligue 1,22-311,2001,3.3,12,8,7,5,0,1,8,12.5,7,4,0,4,3,15,0,0
Wilfred Ndidi,NGA,MF,Leicester City,Premier League,27-306,1996,6.8,28,18,16,10,2,7,14,50.0,7,17,5,12,4,32,20,0
Tanguy Ndombele,FRA,MF,Nice,Ligue 1,27-294,1996,5.7,20,13,5,14,1,7,10,70.0,3,6,0,6,6,26,2,0
Dan Ndoye,SUI,"FW,MF",Bologna,Serie A,23-358,2000,4.6,1,1,1,0,0,0,4,0.0,4,4,0,4,0,1,0,0
Paul Nebel,GER,"DF,MF",Mainz 05,Bundesliga,22-007,2002,0.7,3,1,2,0,1,2,2,100.0,0,3,0,3,2,5,3,0
Kosta Nedeljković,SRB,DF,Aston Villa,Premier League,18-306,2005,1.1,7,5,1,3,3,2,3,66.7,1,1,0,1,0,7,3,0
Loïc Nego,HUN,"DF,FW",Le Havre,Ligue 1,33-276,1991,5.8,15,10,10,4,1,11,16,68.8,5,4,0,4,9,24,11,0
Reiss Nelson,ENG,FW,Arsenal,Premier League,24-312,1999,0.0,1,0,0,1,0,0,1,0.0,1,0,0,0,0,1,1,0
Reiss Nelson,ENG,"FW,MF",Fulham,Premier League,24-312,1999,0.9,4,2,2,1,1,2,4,50.0,2,3,0,3,0,4,0,0
David Neres,BRA,"MF,FW",Napoli,Serie A,27-228,1997,0.8,1,1,0,1,0,0,0,,0,0,0,0,0,1,0,0
Neto,BRA,GK,Bournemouth,Premier League,35-090,1989,2.0,0,0,0,0,0,0,0,,0,0,0,0,0,0,1,1
Pedro Neto,POR,FW,Chelsea,Premier League,24-222,2000,2.7,4,2,1,3,0,2,2,100.0,0,2,0,2,1,5,2,0
Luca Netz,GER,DF,Gladbach,Bundesliga,21-155,2003,5.9,13,6,9,3,1,5,10,50.0,5,9,2,7,7,20,13,0
Manuel Neuer,GER,GK,Bayern Munich,Bundesliga,38-204,1986,5.0,0,0,0,0,0,0,0,,0,0,0,0,0,0,3,1
Florian Neuhaus,GER,MF,Gladbach,Bundesliga,27-215,1997,0.3,1,0,1,0,0,0,4,0.0,4,0,0,0,1,2,0,0
João Neves,POR,MF,Paris S-G,Ligue 1,20-020,2004,5.8,18,9,4,11,3,4,11,36.4,7,6,2,4,5,23,3,0
Yvan Neyou,CMR,MF,Leganés,La Liga,27-288,1997,4.9,8,6,3,5,0,6,10,60.0,4,6,0,6,6,14,7,0
Cyril Ngonge,BEL,DF,Napoli,Serie A,24-144,2000,0.1,1,1,0,1,0,0,0,,0,0,0,0,0,1,0,0
Mikayil Ngor Faye,SEN,DF,Rennes,Ligue 1,20-095,2004,1.1,2,2,2,0,0,2,2,100.0,0,1,0,1,1,3,4,0
Steve Ngoura,FRA,FW,Le Havre,Ligue 1,19-238,2005,0.7,0,0,0,0,0,0,0,,0,1,0,1,0,0,0,0
Moussa Niakhate,SEN,DF,Lyon,Ligue 1,28-223,1996,5.0,17,10,15,2,0,8,9,88.9,1,6,3,3,2,19,22,1
Abdoulaye Niakhate Ndiaye,SEN,DF,Brest,Ligue 1,22-190,2002,1.6,3,2,1,2,0,2,2,100.0,0,3,0,3,2,5,14,0
Ibrahima Niane,SEN,"FW,MF",Angers,Ligue 1,25-220,1999,1.2,1,1,1,0,0,1,1,100.0,0,2,1,1,0,1,3,1
Tanguy Nianzou,FRA,DF,Sevilla,La Liga,22-132,2002,4.8,7,5,6,0,1,5,5,100.0,0,1,0,1,8,15,24,0
Rasmus Nicolaisen,DEN,DF,Toulouse,Ligue 1,27-215,1997,6.9,6,3,4,2,0,3,5,60.0,2,10,5,5,10,16,25,0
Moritz Nicolas,GER,GK,Gladbach,Bundesliga,26-362,1997,3.0,0,0,0,0,0,0,0,,0,0,0,0,0,0,2,1
Hans Nicolussi Caviglia,ITA,MF,Venezia,Serie A,24-121,2000,3.6,7,2,0,3,4,4,6,66.7,2,3,2,1,3,10,4,0
Saúl Ñíguez,ESP,MF,Sevilla,La Liga,29-331,1994,3.6,9,6,3,3,3,1,4,25.0,3,6,1,5,2,11,4,0
Eybi Nije,SWE,DF,Torino,Serie A,19-156,2005,0.3,2,0,2,0,0,0,1,0.0,1,0,0,0,0,2,0,0
Justin Njinmah,GER,"MF,FW",Werder Bremen,Bundesliga,23-337,2000,1.5,1,1,1,0,0,1,1,100.0,0,0,0,0,2,3,0,0
Eddie Nketiah,ENG,"MF,FW",Crystal Palace,Premier League,25-140,1999,3.5,2,1,2,0,0,0,1,0.0,1,3,0,3,1,3,3,0
Niels Nkounkou,FRA,"MF,DF",Eint Frankfurt,Bundesliga,23-351,2000,1.9,1,1,1,0,0,0,1,0.0,1,2,1,1,3,4,2,0
Christopher Nkunku,FRA,FW,Chelsea,Premier League,26-338,1997,1.5,3,3,0,1,2,2,2,100.0,0,3,1,2,1,4,1,0
Felix Nmecha,GER,MF,Dortmund,Bundesliga,24-007,2000,2.1,3,3,0,2,1,2,3,66.7,1,1,0,1,2,5,5,0
Arnaud Nordin,FRA,FW,Montpellier,Ligue 1,26-122,1998,5.5,9,5,2,7,0,5,8,62.5,3,5,0,5,2,11,2,0
Brooke Norton-Cuffy,ENG,DF,Genoa,Serie A,20-279,2004,0.1,0,0,0,0,0,0,0,,0,0,0,0,0,0,0,0
Tijjani Noslin,NED,"FW,MF",Lazio,Serie A,25-102,1999,2.6,1,1,0,0,1,0,3,0.0,3,5,0,5,0,1,4,0
Hugo Novoa,ESP,"DF,FW",Alavés,La Liga,21-290,2003,2.5,8,5,4,3,1,5,5,100.0,0,2,1,1,0,8,6,0
Randy Nteka,ANG,FW,Rayo Vallecano,La Liga,26-316,1997,3.2,4,2,0,4,0,2,3,66.7,1,3,1,2,1,5,3,0
Ernest Nuamah,GHA,"FW,DF",Lyon,Ligue 1,20-351,2003,1.5,2,1,1,0,1,1,2,50.0,1,0,0,0,1,3,2,0
Alexander Nübel,GER,GK,Stuttgart,Bundesliga,28-017,1996,6.0,0,0,0,0,0,0,0,,0,0,0,0,0,0,1,0
Matheus Nunes,POR,"FW,MF",Manchester City,Premier League,26-051,1998,0.3,0,0,0,0,0,0,0,,0,2,1,1,0,0,1,0
Darwin Núñez,URU,FW,Liverpool,Premier League,25-115,1999,1.5,6,4,3,1,2,2,3,66.7,1,0,0,0,0,6,3,0
Unai Núñez,ESP,DF,Athletic Club,La Liga,27-261,1997,2.0,1,1,0,1,0,0,1,0.0,1,2,2,0,11,12,9,1
Antonio Nusa,NOR,MF,RB Leipzig,Bundesliga,19-183,2005,3.0,6,3,4,1,1,3,5,60.0,2,6,0,6,2,8,5,0
Ethan Nwaneri,ENG,"MF,FW",Arsenal,Premier League,17-210,2007,0.1,0,0,0,0,0,0,0,,0,1,1,0,0,0,1,0
Ørjan Nyland,NOR,GK,Sevilla,La Liga,34-037,1990,9.0,1,1,1,0,0,1,1,100.0,0,0,0,0,0,1,6,1
Rabby Nzingoula,CGO,MF,Montpellier,Ligue 1,18-327,2005,3.3,13,8,6,5,2,4,10,40.0,6,4,0,4,6,19,4,0
M'Bala Nzola,ANG,FW,Lens,Ligue 1,28-060,1996,2.2,1,0,0,0,1,1,1,100.0,0,1,1,0,2,3,2,0
Marwann Nzuzi,FRA,DF,Saint-Étienne,Ligue 1,20-154,2004,1.4,2,2,1,0,1,1,2,50.0,1,0,0,0,2,4,6,0
Christian Nørgaard,DEN,MF,Brentford,Premier League,30-221,1994,4.8,13,7,6,7,0,9,12,75.0,3,9,1,8,9,22,12,0
Jake O'Brien,IRL,DF,Everton,Premier League,23-155,2001,0.3,2,2,1,1,0,2,2,100.0,0,1,0,1,0,2,0,0
Dara O'Shea,IRL,DF,Ipswich Town,Premier League,25-227,1999,4.0,6,3,5,1,0,2,2,100.0,0,7,7,0,9,15,17,0
Adam Obert,SVK,DF,Cagliari,Serie A,22-055,2002,1.8,2,2,1,1,0,1,4,25.0,3,4,1,3,5,7,10,1
Jan Oblak,SVN,GK,Atlético Madrid,La Liga,31-284,1993,8.0,0,0,0,0,0,0,0,,0,0,0,0,0,0,2,1
Lucas Ocampos,ARG,FW,Sevilla,La Liga,30-098,1994,1.9,3,2,2,0,1,1,2,50.0,1,2,0,2,0,3,2,0
Jens Odgaard,DEN,"FW,MF",Bologna,Serie A,25-200,1999,2.4,3,2,0,3,0,1,2,50.0,1,3,1,2,1,4,0,0
Wilson Odobert,FRA,FW,Tottenham,Premier League,19-324,2004,1.8,5,2,2,2,1,4,6,66.7,2,1,0,1,0,5,1,1
Álvaro Odriozola,ESP,DF,Real Sociedad,La Liga,28-308,1995,0.3,0,0,0,0,0,0,0,,0,0,0,0,0,0,1,0
Tim Oermann,GER,DF,Bochum,Bundesliga,21-011,2003,1.2,1,1,1,0,0,0,1,0.0,1,2,2,0,3,4,2,0
Chiedozie Ogbene,IRL,FW,Ipswich Town,Premier League,27-169,1997,2.3,7,3,1,2,4,2,4,50.0,2,1,0,1,1,8,3,0
Ifechukwu Ogbus,SUI,DF,Freiburg,Bundesliga,18-305,2005,0.2,1,1,0,0,1,0,1,0.0,1,0,0,0,1,2,2,0
Hamzat Ojediran,NGA,MF,Lens,Ligue 1,20-338,2003,1.2,7,4,2,5,0,2,4,50.0,2,1,0,1,4,11,2,0
Noah Okafor,SUI,FW,Milan,Serie A,24-146,2000,2.5,1,0,0,0,1,0,0,,0,0,0,0,0,1,1,0
Caleb Okoli,ITA,DF,Leicester City,Premier League,23-096,2001,5.0,11,5,5,6,0,5,7,71.4,2,13,8,5,4,15,37,1
Yllan Okou,FRA,DF,Hellas Verona,Serie A,21-299,2002,0.0,0,0,0,0,0,0,0,,0,1,0,1,0,0,0,0
Maduka Okoye,NGA,GK,Udinese,Serie A,25-050,1999,7.0,0,0,0,0,0,0,0,,0,0,0,0,0,0,3,1
Joseph Okumu,KEN,DF,Reims,Ligue 1,27-144,1997,3.0,4,2,2,2,0,2,4,50.0,2,10,9,1,5,9,11,1
Olasagasti,ESP,MF,Real Sociedad,La Liga,24-062,2000,0.7,2,1,1,1,0,0,2,0.0,2,0,0,0,1,3,1,0
Ben Old,NZL,"MF,FW",Saint-Étienne,Ligue 1,22-065,2002,4.2,4,4,3,1,0,2,8,25.0,6,5,1,4,1,5,1,0
Michael Olise,FRA,"FW,MF",Bayern Munich,Bundesliga,22-310,2001,4.6,7,4,2,4,1,3,6,50.0,3,4,0,4,1,8,2,0
Brian Oliván,ESP,DF,Espanyol,La Liga,30-199,1994,1.9,3,3,1,2,0,0,2,0.0,2,1,0,1,3,6,6,0
Lucas Oliveira Rosa,BRA,DF,Valladolid,La Liga,24-197,2000,9.0,21,15,16,4,1,13,19,68.4,6,10,6,4,12,33,24,1
Mathías Olivera,URU,DF,Napoli,Serie A,26-352,1997,5.2,12,5,6,3,3,5,10,50.0,5,7,1,6,3,15,12,0
Dani Olmo,ESP,MF,Barcelona,La Liga,26-163,1998,2.1,3,1,1,1,1,1,6,16.7,5,0,0,0,1,4,0,0
Becir Omeragic,SUI,DF,Montpellier,Ligue 1,22-271,2002,4.8,11,4,9,2,0,6,10,60.0,4,5,3,2,5,16,14,0
Jonas Omlin,SUI,GK,Gladbach,Bundesliga,30-281,1994,3.0,0,0,0,0,0,0,0,,0,0,0,0,0,0,0,0
Ado Onaiwu,JPN,"FW,MF",Auxerre,Ligue 1,28-344,1995,3.6,5,4,0,5,0,2,3,66.7,1,1,0,1,1,6,3,0
Amadou Onana,BEL,MF,Aston Villa,Premier League,23-062,2001,4.7,16,10,6,8,2,5,10,50.0,5,6,4,2,8,24,9,1
André Onana,CMR,GK,Manchester Utd,Premier League,28-198,1996,7.0,1,1,1,0,0,1,1,100.0,0,0,0,0,0,1,4,0
Karim Onisiwo,AUT,"MF,FW",Mainz 05,Bundesliga,32-214,1992,1.0,0,0,0,0,0,0,0,,0,0,0,0,0,0,0,0
Paul Onuachu,NGA,FW,Southampton,Premier League,30-142,1994,0.2,0,0,0,0,0,0,0,,0,0,0,0,1,1,0,0
Frank Onyeka,NGA,MF,Brentford,Premier League,26-290,1998,0.3,0,0,0,0,0,0,0,,0,0,0,0,0,0,0,0
Frank Onyeka,NGA,MF,Augsburg,Bundesliga,26-290,1998,3.9,13,12,5,6,2,4,6,66.7,2,4,2,2,6,19,4,0
Loïs Openda,BEL,FW,RB Leipzig,Bundesliga,24-244,2000,5.2,0,0,0,0,0,0,1,0.0,1,4,0,4,0,0,0,0
Christopher Operi,CIV,"DF,FW",Le Havre,Ligue 1,27-171,1997,6.0,4,3,1,1,2,1,3,33.3,2,7,2,5,6,10,13,0
Victor Orakpo,NGA,FW,Nice,Ligue 1,18-125,2006,0.3,0,0,0,0,0,0,0,,0,0,0,0,0,0,0,0
Gift Orban,NGA,"FW,DF",Lyon,Ligue 1,22-092,2002,2.1,0,0,0,0,0,0,1,0.0,1,0,0,0,0,0,0,0
Willi Orban,HUN,DF,RB Leipzig,Bundesliga,31-349,1992,3.9,8,5,4,4,0,6,7,85.7,1,6,4,2,4,12,17,0
Ivan Ordets,UKR,DF,Bochum,Bundesliga,32-101,1992,1.0,0,0,0,0,0,0,0,,0,1,1,0,1,1,3,0
Gaetano Oristanio,ITA,"MF,FW",Venezia,Serie A,22-019,2002,5.0,6,4,3,2,1,3,4,75.0,1,6,0,6,2,8,3,0
Aimar Oroz,ESP,"MF,FW",Osasuna,La Liga,22-325,2001,7.7,13,8,5,5,3,6,13,46.2,7,8,1,7,6,19,1,0
Riccardo Orsolini,ITA,"FW,MF",Bologna,Serie A,27-267,1997,4.2,2,2,1,0,1,1,2,50.0,1,2,0,2,2,4,1,0
Gabriel Osei Misehouy,NED,"FW,MF",Girona,La Liga,19-091,2005,0.7,0,0,0,0,0,0,0,,0,0,0,0,0,0,0,0
Gabriel Osho,NGA,DF,Auxerre,Ligue 1,26-064,1998,6.4,6,5,6,0,0,3,6,50.0,3,16,11,5,4,10,35,0
Yordan Osorio,VEN,DF,Parma,Serie A,30-160,1994,1.9,5,3,4,1,0,2,2,100.0,0,3,1,2,4,9,6,1
Patrick Osterhage,GER,MF,Freiburg,Bundesliga,24-259,2000,4.9,12,8,5,6,1,4,10,40.0,6,4,0,4,9,21,4,0
William Osula,DEN,FW,Newcastle Utd,Premier League,21-074,2003,0.1,0,0,0,0,0,0,0,,0,0,0,0,0,0,0,0
Jibril Othman,TUN,FW,Saint-Étienne,Ligue 1,20-174,2004,0.1,0,0,0,0,0,0,0,,0,0,0,0,0,0,0,0
David Otorbi,ESP,MF,Valencia,La Liga,17-001,2007,0.2,0,0,0,0,0,0,0,,0,1,0,1,0,0,0,0
Dango Ouattara,BFA,"FW,DF",Bournemouth,Premier League,22-249,2002,2.9,9,9,2,4,3,5,9,55.6,4,4,0,4,2,11,8,0
Kassoum Ouattara,FRA,"DF,FW",Monaco,Ligue 1,20-003,2004,1.8,5,3,2,3,0,3,5,60.0,2,2,0,2,2,7,0,0
Remi Oudin,FRA,"MF,FW",Lecce,Serie A,27-334,1996,1.1,1,0,1,0,0,1,3,33.3,2,0,0,0,1,2,0,0
Zinédine Ould Khaled,FRA,MF,Angers,Ligue 1,24-277,2000,0.6,1,1,1,0,0,0,1,0.0,1,2,0,2,0,1,1,0
Beres Owusu,FRA,DF,Saint-Étienne,Ligue 1,21-028,2003,1.0,2,2,1,1,0,2,2,100.0,0,2,2,0,0,2,5,0
Elisha Owusu,GHA,MF,Auxerre,Ligue 1,26-345,1997,6.6,25,14,9,16,0,11,17,64.7,6,9,2,7,12,37,10,0
Mikel Oyarzabal,ESP,FW,Real Sociedad,La Liga,27-179,1997,4.6,2,0,2,0,0,1,3,33.3,2,2,0,2,0,2,2,0
Salih Özcan,TUR,MF,Wolfsburg,Bundesliga,26-280,1998,1.4,1,1,0,0,1,0,4,0.0,4,5,1,4,2,3,1,0
Cenk Özkacar,TUR,DF,Valladolid,La Liga,24-011,2000,1.2,2,2,2,0,0,2,5,40.0,3,2,1,1,3,5,7,0
Jon Pacheco,ESP,DF,Real Sociedad,La Liga,23-283,2001,3.8,3,2,2,1,0,2,3,66.7,1,5,4,1,3,6,20,1
Willian Pacho,ECU,DF,Paris S-G,Ligue 1,23-001,2001,6.3,11,6,8,3,0,4,6,66.7,2,11,6,5,13,24,25,0
Alex Padilla,ESP,GK,Athletic Club,La Liga,21-046,2003,3.6,0,0,0,0,0,0,0,,0,0,0,0,0,0,2,1
Exequiel Palacios,ARG,MF,Leverkusen,Bundesliga,26-012,1998,0.9,0,0,0,0,0,0,0,,0,1,0,1,0,0,0,0
Isaac Palazón Camacho,ESP,"FW,MF",Rayo Vallecano,La Liga,29-295,1994,5.6,5,4,3,2,0,3,10,30.0,7,4,1,3,3,8,3,0
Alberto Paleari,ITA,GK,Torino,Serie A,32-049,1992,1.0,0,0,0,0,0,0,0,,0,0,0,0,0,0,2,0
Marco Palestra,ITA,DF,Atalanta,Serie A,19-228,2005,0.5,2,1,1,1,0,1,1,100.0,0,0,0,0,0,2,0,0
João Palhinha,POR,MF,Bayern Munich,Bundesliga,29-100,1995,1.4,1,1,1,0,0,0,2,0.0,2,4,0,4,2,3,2,0
Nicolas Pallois,FRA,DF,Nantes,Ligue 1,37-028,1987,4.0,11,3,9,2,0,8,11,72.7,3,3,2,1,6,17,29,0
Cole Palmer,ENG,"MF,FW",Chelsea,Premier League,22-164,2002,6.6,7,5,3,4,0,3,6,50.0,3,2,1,1,2,9,5,0
Emerson Palmieri,ITA,"DF,MF",West Ham,Premier League,30-075,1994,5.6,14,7,8,6,0,4,10,40.0,6,7,1,6,6,20,11,0
Mats Pannewig,GER,MF,Bochum,Bundesliga,19-355,2004,0.4,0,0,0,0,0,0,0,,0,3,0,3,0,0,2,0
Lucas Paquetá,BRA,MF,West Ham,Premier League,27-051,1997,5.8,10,5,5,4,1,5,9,55.6,4,7,1,6,4,14,5,2
Aitor Paredes,ESP,DF,Athletic Club,La Liga,24-171,2000,4.9,3,2,1,2,0,2,5,40.0,3,8,6,2,4,7,33,1
Leandro Paredes,ARG,MF,Roma,Serie A,30-110,1994,1.2,1,1,0,1,0,0,1,0.0,1,2,1,1,2,3,1,1
Daniel Parejo,ESP,MF,Villarreal,La Liga,35-184,1989,6.4,9,7,5,3,1,3,13,23.1,10,4,1,3,4,13,10,1
Fabiano Parisi,ITA,DF,Fiorentina,Serie A,23-343,2000,1.4,4,2,1,2,1,0,1,0.0,1,1,0,1,1,5,2,0
Thomas Partey,GHA,"MF,DF",Arsenal,Premier League,31-126,1993,6.9,20,13,8,6,6,11,17,64.7,6,6,4,2,11,31,14,1
Mario Pašalić,CRO,MF,Atalanta,Serie A,29-251,1995,4.9,3,2,0,3,0,1,4,25.0,3,3,1,2,2,5,6,0
Felix Passlack,GER,DF,Bochum,Bundesliga,26-141,1998,6.0,12,7,8,2,2,7,14,50.0,7,12,5,7,5,17,12,0
Patric,ESP,DF,Lazio,Serie A,31-183,1993,2.5,4,2,3,1,0,3,6,50.0,3,0,0,0,2,6,6,0
Benjamin Pavard,FRA,DF,Inter,Serie A,28-203,1996,4.5,8,3,4,3,1,4,6,66.7,2,3,2,1,3,11,15,0
Aleksandar Pavlovic,GER,MF,Bayern Munich,Bundesliga,20-167,2004,4.6,11,6,2,6,3,5,8,62.5,3,6,1,5,0,11,6,0
Strahinja Pavlović,SRB,DF,Milan,Serie A,23-146,2001,3.0,11,7,7,4,0,6,11,54.5,5,3,2,1,3,14,16,0
Leonardo Pavoletti,ITA,"FW,MF",Cagliari,Serie A,35-326,1988,1.1,0,0,0,0,0,0,0,,0,1,1,0,0,0,1,0
Martín Payero,ARG,MF,Udinese,Serie A,26-036,1998,2.4,4,2,1,2,1,1,2,50.0,1,1,1,0,3,7,4,0
Nicolás Paz,ARG,"MF,FW",Como,Serie A,20-039,2004,4.6,8,7,3,3,2,4,6,66.7,2,9,1,8,4,12,2,0
Mads Pedersen,DEN,DF,Augsburg,Bundesliga,28-046,1996,1.8,5,4,3,1,1,3,3,100.0,0,3,0,3,1,6,5,0
Marcus Pedersen,NOR,DF,Torino,Serie A,24-093,2000,2.3,4,2,2,1,1,3,5,60.0,2,2,0,2,0,4,6,0
Pedri,ESP,MF,Barcelona,La Liga,21-327,2002,6.5,15,9,5,9,1,5,15,33.3,10,8,1,7,6,21,7,1
Pedro,ESP,"FW,MF",Lazio,Serie A,37-081,1987,0.5,2,1,0,2,0,1,1,100.0,0,2,0,2,0,2,1,0
Kévin Pedro,FRA,DF,Saint-Étienne,Ligue 1,18-239,2006,0.1,3,0,2,1,0,3,3,100.0,0,1,0,1,2,5,1,0
Adrià Pedrosa,ESP,"DF,MF",Sevilla,La Liga,26-157,1998,5.7,9,3,6,1,2,8,11,72.7,3,12,2,10,4,13,15,0
Jordan Pefok,USA,FW,Union Berlin,Bundesliga,28-174,1996,4.0,3,2,2,0,1,0,2,0.0,2,2,0,2,3,6,5,0
Pejiño,ESP,FW,Las Palmas,La Liga,28-080,1996,0.2,1,1,0,1,0,1,1,100.0,0,0,0,0,0,1,0,0
Pietro Pellegri,ITA,"FW,MF",Empoli,Serie A,23-214,2001,0.8,1,0,0,1,0,0,0,,0,0,0,0,0,1,0,0
Lorenzo Pellegrini,ITA,MF,Roma,Serie A,28-120,1996,5.8,7,4,1,4,2,1,3,33.3,2,1,0,1,0,7,7,0
Luca Pellegrini,ITA,DF,Lazio,Serie A,25-224,1999,0.3,2,2,0,2,0,1,1,100.0,0,2,0,2,0,2,2,0
Théo Pellenard,FRA,DF,Auxerre,Ligue 1,30-227,1994,0.5,3,2,2,1,0,1,3,33.3,2,1,0,1,0,3,3,0
Andy Pelmard,FRA,DF,Lecce,Serie A,24-219,2000,0.1,0,0,0,0,0,0,0,,0,0,0,0,0,0,0,0
Faris Pemi Moumbagna,CMR,FW,Marseille,Ligue 1,24-108,2000,0.1,0,0,0,0,0,0,0,,0,0,0,0,0,0,0,0
Iñaki Peña,ESP,GK,Barcelona,La Liga,25-229,1999,3.5,0,0,0,0,0,0,2,0.0,2,0,0,0,0,0,6,0
Rubén Peña,ESP,"FW,MF",Osasuna,La Liga,33-091,1991,2.3,4,0,1,1,2,1,4,25.0,3,6,0,6,1,5,3,0
Nicolas Pépé,CIV,"FW,MF",Villarreal,La Liga,29-141,1995,4.2,3,0,1,1,1,0,3,0.0,3,2,1,1,3,6,2,0
Peque,ESP,"MF,FW",Sevilla,La Liga,22-013,2002,4.9,5,2,1,4,0,2,7,28.6,5,7,0,7,3,8,1,0
Andreas Pereira,BRA,MF,Fulham,Premier League,28-290,1996,6.0,3,1,1,1,1,1,8,12.5,7,4,1,3,2,5,2,0
Mathias Pereira Lage,POR,"MF,FW",Brest,Ligue 1,27-322,1996,3.0,4,2,1,2,1,0,1,0.0,1,4,0,4,4,8,5,0
Pedro Pereira,POR,DF,Monza,Serie A,26-269,1998,4.6,6,2,3,3,0,2,4,50.0,2,7,3,4,5,11,9,0
Ayoze Pérez,ESP,FW,Villarreal,La Liga,31-080,1993,4.6,4,2,1,3,0,1,6,16.7,5,4,0,4,2,6,5,0
Carles Pérez,ESP,"MF,FW",Getafe,La Liga,26-244,1998,6.7,14,10,3,6,5,11,23,47.8,12,10,1,9,2,16,7,0
Francisco Perez,ESP,MF,Valencia,La Liga,22-038,2002,0.3,1,1,0,1,0,0,1,0.0,1,1,0,1,0,1,1,0
Kike Pérez,ESP,MF,Valladolid,La Liga,27-246,1997,5.8,18,12,6,12,0,6,14,42.9,8,7,3,4,4,22,3,0
Luis Pérez,ESP,DF,Valladolid,La Liga,29-256,1995,8.6,16,10,8,4,4,9,13,69.2,4,13,2,11,9,25,21,0
Nehuén Pérez,ARG,DF,Udinese,Serie A,24-115,2000,2.0,1,1,0,0,1,0,1,0.0,1,2,2,0,1,2,7,0
Mattia Perin,ITA,GK,Juventus,Serie A,31-342,1992,2.0,0,0,0,0,0,0,0,,0,0,0,0,0,0,0,0
Romain Perraud,FRA,DF,Betis,La Liga,27-025,1997,5.3,9,4,5,1,3,6,17,35.3,11,3,0,3,4,13,14,0
Lucas Perri,BRA,GK,Lyon,Ligue 1,26-312,1997,7.0,0,0,0,0,0,0,1,0.0,1,0,0,0,0,0,5,1
Gaëtan Perrin,FRA,"MF,FW",Auxerre,Ligue 1,28-132,1996,4.0,11,3,8,1,2,6,11,54.5,5,0,0,0,2,13,1,0
Máximo Perrone,ARG,MF,Como,Serie A,21-284,2003,5.3,9,6,6,3,0,3,16,18.8,13,3,0,3,6,15,13,0
Matteo Pessina,ITA,MF,Monza,Serie A,27-179,1997,6.5,13,4,2,10,1,8,11,72.7,3,5,0,5,9,22,7,0
Andrea Petagna,ITA,FW,Monza,Serie A,29-109,1995,2.0,0,0,0,0,0,0,0,,0,0,0,0,1,1,1,0
Léo Pétrot,FRA,DF,Saint-Étienne,Ligue 1,27-185,1997,2.7,5,2,3,2,0,4,4,100.0,0,6,2,4,4,9,16,0
Đorđe Petrović,SRB,GK,Strasbourg,Ligue 1,25-009,1999,4.0,0,0,0,0,0,0,0,,0,0,0,0,0,0,1,0
Giuseppe Pezzella,ITA,"DF,FW",Empoli,Serie A,26-323,1997,6.0,15,9,10,5,0,11,18,61.1,7,4,2,2,1,16,18,0
Kalvin Phillips,ENG,MF,Ipswich Town,Premier League,28-320,1995,3.3,9,3,2,6,1,4,11,36.4,7,8,1,7,6,15,6,0
Jaden Philogene Bidace,ENG,"FW,MF",Aston Villa,Premier League,22-252,2002,1.5,5,3,1,4,0,2,3,66.7,1,0,0,0,0,5,2,0
Pica,ESP,DF,Alavés,La Liga,22-290,2002,1.5,2,2,2,0,0,2,4,50.0,2,4,4,0,2,4,5,0
Roberto Piccoli,ITA,FW,Cagliari,Serie A,23-264,2001,6.4,1,0,0,0,1,1,1,100.0,0,2,1,1,1,2,6,0
Benedikt Pichler,AUT,FW,Holstein Kiel,Bundesliga,27-089,1997,5.1,3,2,1,0,2,1,2,50.0,1,4,2,2,1,4,6,0
Jordan Pickford,ENG,GK,Everton,Premier League,30-224,1994,7.0,0,0,0,0,0,0,0,,0,0,0,0,0,0,7,1
Amos Pieper,GER,DF,Werder Bremen,Bundesliga,26-274,1998,1.2,2,1,1,0,1,0,3,0.0,3,2,2,0,5,7,4,0
Marvin Pieringer,GER,FW,Heidenheim,Bundesliga,25-013,1999,4.7,2,0,0,1,1,1,2,50.0,1,5,0,5,2,4,5,0
Nicholas Pierini,ITA,MF,Venezia,Serie A,26-072,1998,0.9,0,0,0,0,0,0,1,0.0,1,2,0,2,0,0,0,0
Santiago Pierotti,ARG,"FW,MF",Lecce,Serie A,23-197,2001,1.7,5,4,3,2,0,4,6,66.7,2,2,1,1,2,7,1,0
Balthazar Pierret,FRA,MF,Lecce,Serie A,24-155,2000,4.5,12,5,8,4,0,2,6,33.3,4,6,1,5,3,15,4,0
Andrea Pinamonti,ITA,"FW,MF",Genoa,Serie A,25-151,1999,4.9,1,1,0,1,0,0,1,0.0,1,1,0,1,1,2,4,0
Ethan Pinnock,JAM,DF,Brentford,Premier League,31-141,1993,7.0,19,10,9,7,3,7,10,70.0,3,9,5,4,10,29,34,2
Yeremi Pino,ESP,MF,Villarreal,La Liga,21-363,2002,3.6,9,6,2,5,2,5,11,45.5,6,5,1,4,1,10,3,0
Niccolò Pisilli,ITA,MF,Roma,Serie A,20-024,2004,2.7,5,3,2,3,0,2,2,100.0,0,4,0,4,1,6,3,0
Semuel Pizzignacco,ITA,GK,Monza,Serie A,23-046,2001,3.0,0,0,0,0,0,0,0,,0,0,0,0,0,0,1,0
Alassane Pléa,FRA,"FW,MF",Gladbach,Bundesliga,31-221,1993,3.9,1,1,0,1,0,1,1,100.0,0,1,0,1,0,1,1,1
Tommaso Pobega,ITA,MF,Bologna,Serie A,25-094,1999,1.0,5,3,3,0,2,2,4,50.0,2,3,1,2,0,5,1,0
Daniel Podence,POR,"MF,FW",Wolves,Premier League,28-362,1995,0.5,0,0,0,0,0,0,1,0.0,1,0,0,0,0,0,0,0
Joel Pohjanpalo,FIN,FW,Venezia,Serie A,30-034,1994,4.4,1,1,1,0,0,0,0,,0,1,1,0,2,3,3,0
Matteo Politano,ITA,"MF,FW",Napoli,Serie A,31-075,1993,6.2,4,2,2,2,0,4,5,80.0,1,2,0,2,2,6,10,0
Marin Pongračić,CRO,DF,Fiorentina,Serie A,27-036,1997,1.0,1,1,1,0,0,1,3,33.3,2,0,0,0,2,3,4,0
Nick Pope,ENG,GK,Newcastle Utd,Premier League,32-181,1992,7.0,0,0,0,0,0,0,0,,0,0,0,0,0,0,7,2
Finn Porath,GER,"DF,MF",Holstein Kiel,Bundesliga,27-237,1997,4.7,13,7,11,1,1,10,15,66.7,5,8,4,4,4,17,10,0
Pedro Porro,ESP,DF,Tottenham,Premier League,25-034,1999,7.0,18,12,9,5,4,12,18,66.7,6,12,5,7,10,28,16,0
Portu,ESP,"FW,MF",Girona,La Liga,32-149,1992,1.8,3,2,1,1,1,2,2,100.0,0,3,0,3,0,3,1,0
Stefan Posch,AUT,DF,Bologna,Serie A,27-156,1997,5.1,17,11,7,6,4,9,18,50.0,9,12,3,9,3,20,11,0
Yussuf Poulsen,DEN,FW,RB Leipzig,Bundesliga,30-124,1994,1.2,2,1,1,1,0,2,4,50.0,2,2,2,0,0,2,1,0
Beñat Prados,ESP,MF,Athletic Club,La Liga,23-252,2001,4.8,8,8,2,6,0,3,13,23.1,10,8,1,7,7,15,5,0
Alexander Prass,AUT,DF,Hoffenheim,Bundesliga,23-144,2001,4.9,8,5,7,1,0,6,15,40.0,9,6,2,4,1,9,11,1
Matteo Prati,ITA,MF,Cagliari,Serie A,20-294,2003,1.9,4,2,1,2,1,2,6,33.3,4,0,0,0,2,6,2,1
Abdón Prats,ESP,"FW,MF",Mallorca,La Liga,31-315,1992,1.5,1,1,1,0,0,0,0,,0,1,0,1,0,1,2,0
Grischa Prömel,GER,MF,Hoffenheim,Bundesliga,29-282,1995,1.9,0,0,0,0,0,0,1,0.0,1,1,1,0,2,2,4,0
Ivan Provedel,ITA,GK,Lazio,Serie A,30-214,1994,7.0,0,0,0,0,0,0,0,,0,0,0,0,0,0,5,3
Javi Puado,ESP,"FW,MF",Espanyol,La Liga,26-145,1998,7.3,6,5,2,2,2,1,1,100.0,0,4,0,4,1,7,8,0
Tymoteusz Puchacz,POL,DF,Holstein Kiel,Bundesliga,25-268,1999,1.6,3,2,2,1,0,1,2,50.0,1,4,1,3,0,3,5,0
Christian Pulisic,USA,"FW,MF",Milan,Serie A,26-029,1998,6.1,12,7,4,5,3,3,7,42.9,4,2,0,2,0,12,2,0
Jarell Quansah,ENG,DF,Liverpool,Premier League,21-262,2003,0.5,2,2,1,1,0,0,0,,0,1,1,0,1,3,3,0
Leopold Querfeld,AUT,DF,Union Berlin,Bundesliga,20-302,2003,1.2,2,0,2,0,0,2,3,66.7,1,2,1,1,1,3,13,0
Dani Raba,ESP,"FW,MF",Leganés,La Liga,28-354,1995,1.6,6,4,3,3,0,3,6,50.0,3,2,0,2,4,10,3,0
Adrien Rabiot,FRA,"MF,DF",Marseille,Ligue 1,29-197,1995,0.6,1,0,1,0,0,0,0,,0,0,0,0,1,2,2,0
Hamza Rafia,TUN,MF,Lecce,Serie A,25-198,1999,2.5,8,5,4,3,1,2,7,28.6,5,2,1,1,1,9,4,0
Antonio Raillo,ESP,DF,Mallorca,La Liga,33-009,1991,9.0,9,5,4,3,2,4,5,80.0,1,11,10,1,13,22,45,0
Antonio Raimondo,ITA,"FW,DF",Venezia,Serie A,20-213,2004,0.9,2,1,1,1,0,0,0,,0,0,0,0,0,2,0,1
Ylber Ramadani,ALB,MF,Lecce,Serie A,28-188,1996,6.5,14,8,6,8,0,7,10,70.0,3,9,3,6,6,20,8,2
Benito Ramírez,ESP,"DF,MF",Las Palmas,La Liga,29-098,1995,2.4,2,1,2,0,0,2,8,25.0,6,5,2,3,1,3,7,0
Sandro Ramírez,ESP,"FW,MF",Las Palmas,La Liga,29-100,1995,4.5,6,5,3,3,0,4,8,50.0,4,0,0,0,8,14,4,0
Gonçalo Ramos,POR,FW,Paris S-G,Ligue 1,23-119,2001,0.2,0,0,0,0,0,0,0,,0,0,0,0,0,0,0,0
Aaron Ramsdale,ENG,GK,Southampton,Premier League,26-156,1998,5.0,0,0,0,0,0,0,0,,0,0,0,0,1,1,5,1
Jacob Ramsey,ENG,"FW,MF",Aston Villa,Premier League,23-142,2001,3.7,6,2,2,3,1,2,4,50.0,2,1,0,1,0,6,1,0
Luca Ranieri,ITA,DF,Fiorentina,Serie A,25-177,1999,5.4,3,2,2,0,1,0,1,0.0,1,9,6,3,6,9,20,0
Grant Ranos,ARM,FW,Gladbach,Bundesliga,21-089,2003,0.1,1,0,0,1,0,0,1,0.0,1,1,0,1,0,1,0,0
Lilian Raolisoa,FRA,DF,Angers,Ligue 1,24-123,2000,1.1,3,2,1,1,1,1,3,33.3,2,1,1,0,1,4,3,0
Raphinha,BRA,"FW,MF",Barcelona,La Liga,27-308,1996,8.4,12,6,3,8,1,4,9,44.4,5,5,0,5,2,14,7,0
Marcus Rashford,ENG,FW,Manchester Utd,Premier League,26-352,1997,5.3,4,2,1,1,2,2,6,33.3,4,4,0,4,3,7,3,0
Giacomo Raspadori,ITA,"FW,MF",Napoli,Serie A,24-242,2000,2.2,2,0,1,1,0,1,2,50.0,1,3,1,2,2,4,0,0
Andrei Ratiu,ROU,DF,Rayo Vallecano,La Liga,26-119,1998,6.9,12,9,8,1,3,8,9,88.9,1,5,1,4,5,17,16,0
Raúl,ESP,FW,Osasuna,La Liga,23-349,2000,2.8,2,2,0,1,1,0,1,0.0,1,1,0,1,0,2,2,0
David Raum,GER,DF,RB Leipzig,Bundesliga,26-178,1998,5.4,11,8,5,4,2,2,6,33.3,4,5,1,4,2,13,10,0
Federico Ravaglia,ITA,GK,Bologna,Serie A,24-341,1999,2.0,0,0,0,0,0,0,0,,0,0,0,0,0,0,0,0
Rayan Raveloson,MAD,"MF,DF",Auxerre,Ligue 1,27-275,1997,4.4,3,2,1,2,0,2,10,20.0,8,2,1,1,2,5,9,0
David Raya,ESP,GK,Arsenal,Premier League,29-032,1995,7.0,0,0,0,0,0,0,0,,0,0,0,0,1,1,2,0
Abderrahman Rebbach,ALG,"FW,MF",Alavés,La Liga,26-067,1998,2.3,0,0,0,0,0,0,3,0.0,3,2,0,2,0,0,3,0
Ante Rebić,CRO,"FW,MF",Lecce,Serie A,31-026,1993,2.9,2,2,1,0,1,1,4,25.0,3,1,1,0,0,2,1,0
Harrison Reed,ENG,MF,Fulham,Premier League,29-264,1995,0.5,5,2,2,2,1,0,2,0.0,2,1,0,1,1,6,1,0
Bobby Reid,JAM,FW,Leicester City,Premier League,31-258,1993,1.8,1,1,0,1,0,0,3,0.0,3,4,1,3,0,1,3,0
Tijjani Reijnders,NED,MF,Milan,Serie A,26-080,1998,5.8,1,1,0,1,0,1,8,12.5,7,0,0,0,7,8,4,0
Pepe Reina,ESP,GK,Como,Serie A,42-047,1982,3.0,0,0,0,0,0,0,0,,0,0,0,0,0,0,0,1
Rocco Reitz,GER,MF,Gladbach,Bundesliga,22-141,2002,2.7,9,3,6,3,0,6,6,100.0,0,4,2,2,8,17,5,0
Nicolai Remberg,GER,MF,Holstein Kiel,Bundesliga,24-120,2000,1.8,6,3,3,3,0,2,4,50.0,2,3,0,3,0,6,4,0
Álex Remiro,ESP,GK,Real Sociedad,La Liga,29-207,1995,9.0,0,0,0,0,0,0,0,,0,0,0,0,0,0,3,3
Guillaume Restes,FRA,GK,Toulouse,Ligue 1,19-220,2005,7.0,0,0,0,0,0,0,0,,0,0,0,0,0,0,3,0
Mateo Retegui,ITA,FW,Atalanta,Serie A,25-171,1999,5.3,5,3,0,1,4,2,4,50.0,2,1,0,1,1,6,4,0
Elvis Rexhbeçaj,KVX,MF,Augsburg,Bundesliga,26-351,1997,5.6,8,7,1,5,2,5,13,38.5,8,9,1,8,4,12,6,0
Gio Reyna,USA,MF,Dortmund,Bundesliga,21-339,2002,0.1,1,0,0,0,1,1,1,100.0,0,0,0,0,0,1,0,0
Chadi Riad,MAR,DF,Crystal Palace,Premier League,21-122,2003,1.0,5,2,2,2,1,2,3,66.7,1,0,0,0,2,7,0,0
Alexsandro Ribeiro,BRA,DF,Lille,Ligue 1,25-069,1999,6.0,9,8,4,4,1,8,11,72.7,3,1,0,1,6,15,25,0
Samuele Ricci,ITA,MF,Torino,Serie A,23-057,2001,6.6,5,3,2,2,1,4,5,80.0,1,6,3,3,3,8,13,1
Declan Rice,ENG,MF,Arsenal,Premier League,25-277,1999,5.5,4,2,0,4,0,3,6,50.0,3,6,4,2,5,9,9,0
Chris Richards,USA,DF,Crystal Palace,Premier League,24-203,2000,3.8,10,5,5,4,1,6,11,54.5,5,7,1,6,3,13,17,0
Amir Richardson,MAR,MF,Fiorentina,Serie A,22-267,2002,1.4,6,2,5,1,0,2,5,40.0,3,1,0,1,0,6,4,0
Richarlison,BRA,"FW,MF",Tottenham,Premier League,27-160,1997,0.3,0,0,0,0,0,0,0,,0,0,0,0,0,0,2,0
Diego Rico,ESP,DF,Getafe,La Liga,31-237,1993,8.0,28,13,18,7,3,15,23,65.2,8,6,0,6,5,33,13,1
Fabian Rieder,SUI,"MF,FW",Stuttgart,Bundesliga,22-244,2002,2.8,5,4,1,2,2,2,6,33.3,4,3,0,3,3,8,0,0
Luis Rioja,ESP,FW,Alavés,La Liga,31-001,1993,0.3,2,1,0,1,1,1,2,50.0,1,2,0,2,0,2,0,0
Luis Rioja,ESP,"MF,FW",Valencia,La Liga,31-001,1993,6.9,6,4,0,3,3,2,10,20.0,8,8,0,8,11,17,7,0
Rodrigo Riquelme,ESP,"DF,MF",Atlético Madrid,La Liga,24-198,2000,2.7,3,2,3,0,0,2,2,100.0,0,0,0,0,1,4,3,0
Alberto Risco,ESP,"MF,FW",Getafe,La Liga,19-048,2005,0.8,4,4,2,0,2,1,6,16.7,5,2,0,2,0,4,0,0
Lars Ritzka,GER,"DF,FW",St. Pauli,Bundesliga,26-163,1998,2.3,11,8,3,5,3,5,10,50.0,5,6,0,6,0,11,6,0
Gorka Rivera Alonso,ESP,"DF,MF",Getafe,La Liga,20-077,2004,0.2,2,0,0,2,0,2,2,100.0,0,0,0,0,0,2,0,0
Sergi Roberto,ESP,MF,Como,Serie A,32-253,1992,4.5,9,6,3,3,3,4,5,80.0,1,3,1,2,9,18,6,0
Andrew Robertson,SCO,DF,Liverpool,Premier League,30-220,1994,5.7,5,3,3,1,1,3,6,50.0,3,1,0,1,3,8,3,0
Antonee Robinson,USA,DF,Fulham,Premier League,27-070,1997,7.0,25,16,13,11,1,13,20,65.0,7,7,1,6,10,35,25,0
Marc Roca,ESP,MF,Betis,La Liga,27-326,1996,8.1,14,8,8,6,0,8,15,53.3,7,16,5,11,8,22,9,1
Rodri,ESP,MF,Manchester City,Premier League,28-117,1996,0.7,2,1,1,1,0,0,0,,0,1,0,1,1,3,0,0
Rodri,ESP,FW,Betis,La Liga,24-154,2000,1.3,2,1,1,1,0,1,2,50.0,1,2,1,1,1,3,1,1
Álvaro Rodríguez,URU,FW,Getafe,La Liga,20-095,2004,0.2,0,0,0,0,0,0,0,,0,0,0,0,0,0,0,0
Óscar Rodríguez Arnaiz,ESP,"MF,FW",Leganés,La Liga,26-111,1998,3.5,5,2,1,3,1,1,4,25.0,3,1,0,1,3,8,1,0
Damián Rodríguez,ESP,MF,Celta Vigo,La Liga,21-214,2003,5.8,7,4,2,4,1,2,7,28.6,5,3,1,2,4,11,8,0
Dani Rodríguez,ESP,"FW,MF",Mallorca,La Liga,36-133,1988,6.1,14,12,6,5,3,6,7,85.7,1,3,0,3,2,16,6,0
Guido Rodríguez,ARG,MF,West Ham,Premier League,30-188,1994,5.9,16,6,11,5,0,6,15,40.0,9,8,2,6,8,24,11,0
James Rodríguez,COL,"MF,FW",Rayo Vallecano,La Liga,33-097,1991,1.1,3,2,1,2,0,0,2,0.0,2,2,0,2,1,4,0,0
Javi Rodríguez,ESP,DF,Celta Vigo,La Liga,21-113,2003,5.9,8,5,7,1,0,6,8,75.0,2,4,1,3,4,12,17,0
Kirian Rodríguez,ESP,MF,Las Palmas,La Liga,28-226,1996,7.4,12,7,4,8,0,8,20,40.0,12,8,1,7,2,14,6,0
Ricardo Rodríguez,SUI,DF,Betis,La Liga,32-053,1992,3.7,9,7,6,1,2,5,9,55.6,4,2,0,2,3,12,11,0
Rodrygo,BRA,FW,Real Madrid,La Liga,23-282,2001,6.9,6,4,4,2,0,3,8,37.5,5,7,1,6,0,6,2,0
Mads Roerslev,DEN,DF,Brentford,Premier League,25-115,1999,2.9,3,1,3,0,0,1,4,25.0,3,2,0,2,2,5,5,0
Morgan Rogers,ENG,"MF,FW",Aston Villa,Premier League,22-083,2002,6.7,5,3,2,1,2,2,5,40.0,3,7,2,5,1,6,5,0
Merlin Röhl,GER,MF,Freiburg,Bundesliga,22-104,2002,1.8,3,3,1,2,0,1,1,100.0,0,1,0,1,1,4,0,0
Alessio Romagnoli,ITA,DF,Lazio,Serie A,29-279,1995,6.0,8,5,3,5,0,4,5,80.0,1,4,3,1,8,16,14,0
Leo Román,ESP,GK,Mallorca,La Liga,24-103,2000,3.0,0,0,0,0,0,0,0,,0,0,0,0,0,0,0,0
Carlos Romero,ESP,DF,Espanyol,La Liga,22-354,2001,7.8,19,14,12,6,1,10,19,52.6,9,8,1,7,6,25,20,0
Cristian Romero,ARG,DF,Tottenham,Premier League,26-173,1998,7.0,14,14,11,3,0,9,12,75.0,3,12,3,9,7,21,21,0
Isaac Romero,ESP,FW,Sevilla,La Liga,24-152,2000,5.0,2,0,0,1,1,0,3,0.0,3,6,1,5,0,2,5,0
Luka Romero,ARG,"FW,MF",Alavés,La Liga,19-334,2004,1.7,4,4,1,1,2,2,3,66.7,1,1,0,1,1,5,0,0
Oriol Romeu,ESP,MF,Girona,La Liga,33-023,1991,3.5,12,7,3,9,0,5,6,83.3,1,6,2,4,2,14,0,0
Valentin Rongier,FRA,"DF,MF",Marseille,Ligue 1,29-315,1994,1.8,6,3,4,2,0,1,4,25.0,3,4,1,3,2,8,7,0
Marten de Roon,NED,"DF,MF",Atalanta,Serie A,33-202,1991,7.0,22,12,11,10,1,9,15,60.0,6,17,2,15,11,33,13,0
Vitor Roque,BRA,FW,Betis,La Liga,19-232,2005,3.4,0,0,0,0,0,0,1,0.0,1,1,0,1,1,1,1,0
Pablo Rosario,NED,"MF,DF",Nice,Ligue 1,27-284,1997,4.9,3,2,0,3,0,2,4,50.0,2,6,4,2,6,9,12,1
Lasse Rosenboom,GER,DF,Holstein Kiel,Bundesliga,22-272,2002,1.7,4,3,4,0,0,2,3,66.7,1,3,1,2,2,6,7,0
Max Rosenfelder,GER,DF,Freiburg,Bundesliga,21-250,2003,3.3,7,4,6,1,0,5,5,100.0,0,4,1,3,2,9,20,0
Valentin Rosier,FRA,DF,Leganés,La Liga,28-059,1996,8.4,27,23,19,8,0,16,24,66.7,8,12,1,11,11,38,37,0
Tom Rothe,GER,"DF,MF",Union Berlin,Bundesliga,19-354,2004,4.2,17,8,12,5,0,9,14,64.3,5,9,3,6,5,22,10,1
Anthony Rouault,FRA,DF,Stuttgart,Bundesliga,23-141,2001,2.8,2,1,1,1,0,2,2,100.0,0,4,1,3,3,5,9,0
Jonas Rouhi,SWE,DF,Juventus,Serie A,20-284,2004,1.0,0,0,0,0,0,0,0,,0,1,0,1,1,1,2,0
Nicolò Rovella,ITA,MF,Lazio,Serie A,22-318,2001,4.9,21,16,6,12,3,11,14,78.6,3,2,0,2,6,27,7,1
Jon Rowe,ENG,"FW,MF",Marseille,Ligue 1,21-170,2003,1.7,6,6,0,2,4,4,6,66.7,2,1,1,0,0,6,0,0
Amir Rrahmani,KVX,DF,Napoli,Serie A,30-236,1994,7.0,5,3,4,1,0,2,6,33.3,4,4,1,3,3,8,26,0
Antonio Rüdiger,GER,DF,Real Madrid,La Liga,31-228,1993,8.1,6,4,4,2,0,3,5,60.0,2,12,9,3,3,9,28,0
Matteo Ruggeri,ITA,DF,Atalanta,Serie A,22-098,2002,4.6,5,2,1,3,1,2,2,100.0,0,4,0,4,5,10,5,1
Aitor Ruibal,ESP,"FW,DF",Betis,La Liga,28-209,1996,3.8,3,2,0,1,2,2,6,33.3,4,2,1,1,3,6,2,0
Abel Ruiz,ESP,FW,Girona,La Liga,24-263,2000,7.3,2,0,1,0,1,2,5,40.0,3,4,1,3,2,4,3,0
Fabián Ruiz Peña,ESP,MF,Paris S-G,Ligue 1,28-197,1996,3.4,13,7,7,3,3,5,11,45.5,6,4,0,4,3,16,1,0
Gerónimo Rulli,ARG,GK,Marseille,Ligue 1,32-150,1992,7.0,0,0,0,0,0,0,2,0.0,2,0,0,0,0,0,6,1
Georginio Rutter,FRA,"FW,MF",Brighton,Premier League,22-180,2002,3.3,2,0,1,1,0,1,8,12.5,7,6,0,6,2,4,1,1
Julian Ryerson,NOR,DF,Dortmund,Bundesliga,26-335,1997,5.3,4,4,1,2,1,4,7,57.1,3,4,1,3,8,12,5,0
Frederik Rønnow,DEN,GK,Union Berlin,Bundesliga,32-074,1992,6.0,0,0,0,0,0,0,0,,0,0,0,0,0,0,5,0
José Sá,POR,GK,Wolves,Premier League,31-274,1993,2.0,0,0,0,0,0,0,0,,0,0,0,0,0,0,2,0
Elias Saad,TUN,"FW,MF",St. Pauli,Bundesliga,24-295,1999,3.8,12,7,4,5,3,6,11,54.5,5,6,0,6,1,13,1,0
Youssouf Sabaly,SEN,DF,Betis,La Liga,31-226,1993,3.7,8,5,5,2,1,5,6,83.3,1,3,0,3,2,10,13,0
Emmanuel Sabbi,USA,"MF,FW",Le Havre,Ligue 1,26-298,1997,1.7,4,2,3,1,0,1,2,50.0,1,2,0,2,1,5,0,0
Stefano Sabelli,ITA,DF,Genoa,Serie A,31-278,1993,3.3,5,4,2,1,2,2,11,18.2,9,6,0,6,1,6,4,0
Marcel Sabitzer,AUT,"MF,FW",Dortmund,Bundesliga,30-214,1994,3.4,5,3,0,5,0,3,6,50.0,3,6,3,3,1,6,4,0
Falaye Sacko,MLI,DF,Montpellier,Ligue 1,29-169,1995,6.5,10,5,8,1,1,6,13,46.2,7,8,3,5,8,18,6,0
Umar Sadiq,NGA,FW,Real Sociedad,La Liga,27-258,1997,2.1,2,1,1,1,0,1,2,50.0,1,2,1,1,1,3,2,0
Alexis Saelemaekers,BEL,"FW,DF",Roma,Serie A,25-112,1999,1.2,4,2,3,1,0,2,2,100.0,0,1,0,1,0,4,1,0
Alexis Saelemaekers,BEL,"DF,FW",Milan,Serie A,25-112,1999,1.0,1,1,0,0,1,1,1,100.0,0,0,0,0,1,2,0,0
Jorge Sáenz,ESP,DF,Leganés,La Liga,27-335,1996,5.3,13,10,5,7,1,3,5,60.0,2,4,2,2,8,21,36,0
Matvei Safonov,RUS,GK,Paris S-G,Ligue 1,25-235,1999,2.0,0,0,0,0,0,0,0,,0,0,0,0,0,0,0,0
Modibo Sagnan,MLI,DF,Montpellier,Ligue 1,25-186,1999,7.0,17,8,8,7,2,10,16,62.5,6,7,4,3,13,30,26,1
Richie Sagrado,BEL,DF,Venezia,Serie A,20-261,2004,0.6,1,1,0,1,0,0,0,,0,0,0,0,0,1,1,0
Osame Sahraoui,MAR,"MF,FW",Lille,Ligue 1,23-128,2001,4.7,4,3,2,1,1,1,4,25.0,3,6,0,6,3,7,3,1
Wesley Saïd,FRA,"FW,MF",Lens,Ligue 1,29-181,1995,3.9,3,2,1,2,0,1,2,50.0,1,0,0,0,0,3,1,0
Bukayo Saka,ENG,"MF,FW",Arsenal,Premier League,23-042,2001,6.3,12,8,5,2,5,7,15,46.7,8,10,0,10,1,13,5,0
Marco Sala,ITA,DF,Como,Serie A,25-135,1999,1.0,3,2,1,1,1,1,1,100.0,0,1,0,1,1,4,2,0
Ibrahim Salah,MAR,FW,Brest,Ligue 1,23-048,2001,1.4,1,0,0,0,1,1,1,100.0,0,0,0,0,1,2,0,0
Mohamed Salah,EGY,FW,Liverpool,Premier League,32-124,1992,6.7,4,4,1,1,2,2,3,66.7,1,1,0,1,1,5,4,0
Amine Salama,FRA,"FW,MF",Reims,Ligue 1,24-091,2000,1.1,2,2,0,1,1,0,2,0.0,2,2,1,1,0,2,0,0
Kike Salas,ESP,DF,Sevilla,La Liga,22-177,2002,2.2,4,4,1,1,2,2,4,50.0,2,3,2,1,2,6,8,0
Manolis Saliakas,GRE,"MF,DF",St. Pauli,Bundesliga,28-035,1996,3.3,6,3,3,1,2,3,6,50.0,3,3,0,3,1,7,9,0
William Saliba,FRA,DF,Arsenal,Premier League,23-207,2001,7.0,20,11,12,8,0,8,9,88.9,1,5,2,3,5,25,23,1
Mohammed Salisu,GHA,DF,Monaco,Ligue 1,25-183,1999,4.1,14,7,9,5,0,7,7,100.0,0,5,4,1,2,16,15,1
Roland Sallai,HUN,"FW,MF",Freiburg,Bundesliga,27-148,1997,0.5,2,1,1,1,0,0,0,,0,0,0,0,1,3,0,0
Yoann Salmier,GUF,DF,Le Havre,Ligue 1,31-331,1992,2.9,2,1,2,0,0,1,1,100.0,0,2,1,1,3,5,25,0
Lazar Samardzic,SRB,"MF,FW",Atalanta,Serie A,22-236,2002,2.4,2,2,0,1,1,2,3,66.7,1,2,1,1,0,2,0,0
Mama Samba Baldé,GNB,FW,Lyon,Ligue 1,28-346,1995,0.4,2,2,0,2,0,0,0,,0,0,0,0,1,3,1,0
Mama Samba Baldé,GNB,FW,Brest,Ligue 1,28-346,1995,1.9,3,3,1,0,2,1,2,50.0,1,2,0,2,1,4,3,0
Brice Samba,FRA,GK,Lens,Ligue 1,30-175,1994,7.0,0,0,0,0,0,0,0,,0,0,0,0,0,0,2,0
Albert Sambi Lokonga,BEL,MF,Sevilla,La Liga,24-361,1999,1.9,3,3,3,0,0,1,1,100.0,0,3,1,2,0,3,2,0
Chuky san jose,ESP,"MF,FW",Valladolid,La Liga,20-171,2004,1.0,1,0,0,0,1,1,1,100.0,0,2,0,2,0,1,0,0
Antonio Sanabria,PAR,"FW,MF",Torino,Serie A,28-227,1996,2.4,1,1,0,0,1,1,3,33.3,2,1,0,1,0,1,1,0
Oihan Sancet,ESP,MF,Athletic Club,La Liga,24-175,2000,6.0,3,1,1,1,1,2,7,28.6,5,3,0,3,2,5,3,0
Antonio Sánchez,ESP,"DF,FW",Mallorca,La Liga,27-290,1997,4.7,12,8,9,2,1,7,10,70.0,3,5,0,5,5,17,15,0
Iván Sánchez,ESP,"MF,FW",Valladolid,La Liga,32-024,1992,4.1,10,7,7,2,1,3,10,30.0,7,4,1,3,6,16,2,0
Javi Sánchez,ESP,DF,Valladolid,La Liga,27-217,1997,2.7,2,2,1,1,0,2,3,66.7,1,5,3,2,2,4,13,0
Juanlu Sánchez,ESP,"MF,DF",Sevilla,La Liga,21-063,2003,3.4,6,5,3,2,1,4,5,80.0,1,0,0,0,6,12,3,0
Manu Sánchez,ESP,DF,Alavés,La Liga,24-054,2000,6.5,9,5,3,3,3,5,10,50.0,5,14,2,12,8,17,15,0
Robert Sánchez,ESP,GK,Chelsea,Premier League,26-334,1997,7.0,0,0,0,0,0,0,0,,0,0,0,0,0,0,4,2
Jadon Sancho,ENG,FW,Chelsea,Premier League,24-206,2000,2.9,1,1,1,0,0,1,3,33.3,2,0,0,0,0,1,0,0
Philipp Sander,GER,MF,Gladbach,Bundesliga,26-239,1998,3.4,10,6,5,4,1,5,6,83.3,1,7,1,6,5,15,6,0
Leroy Sané,GER,FW,Bayern Munich,Bundesliga,28-280,1996,0.4,0,0,0,0,0,0,0,,0,0,0,0,0,0,0,0
Arouna Sangante,SEN,DF,Le Havre,Ligue 1,22-188,2002,5.8,9,7,4,5,0,5,8,62.5,3,7,4,3,14,23,21,1
Ibrahim Sangaré,CIV,MF,Nott'ham Forest,Premier League,26-320,1997,2.4,15,9,5,10,0,4,8,50.0,4,4,0,4,2,17,2,0
Nhoa Sangui,FRA,DF,Reims,Ligue 1,18-233,2006,4.8,3,2,0,2,1,2,5,40.0,3,4,2,2,2,5,9,0
Kaishu Sano,JPN,MF,Mainz 05,Bundesliga,23-292,2000,5.8,11,8,5,5,1,4,11,36.4,7,12,3,9,5,16,8,0
Baptiste Santamaria,FRA,MF,Rennes,Ligue 1,29-222,1995,3.0,6,2,4,1,1,3,5,60.0,2,4,1,3,4,10,6,0
Jesús Santiago,ESP,MF,Getafe,La Liga,20-145,2004,1.9,5,3,4,1,0,2,3,66.7,1,2,1,1,0,5,2,0
Andrey Santos,BRA,MF,Strasbourg,Ligue 1,20-167,2004,5.8,23,15,13,8,2,11,24,45.8,13,8,1,7,2,25,9,0
Kauã Santos,BRA,GK,Eint Frankfurt,Bundesliga,21-189,2003,3.5,0,0,0,0,0,0,0,,0,0,0,0,0,0,2,0
Tiago Santos,POR,DF,Lille,Ligue 1,22-086,2002,4.5,12,7,4,5,3,6,9,66.7,3,2,0,2,2,14,4,0
Pablo Sarabia,ESP,"FW,MF",Wolves,Premier League,32-159,1992,0.3,2,0,1,0,1,1,2,50.0,1,2,0,2,1,3,0,0
Jeremy Sarmiento,ECU,MF,Brighton,Premier League,22-123,2002,0.1,0,0,0,0,0,0,0,,0,0,0,0,0,0,0,0
Amin Sarr,SWE,FW,Hellas Verona,Serie A,23-220,2001,0.4,1,1,0,1,0,1,1,100.0,0,1,1,0,0,1,0,0
Ismaila Sarr,SEN,"FW,MF",Crystal Palace,Premier League,26-235,1998,2.5,0,0,0,0,0,0,3,0.0,3,2,0,2,2,2,1,0
Malang Sarr,FRA,DF,Lens,Ligue 1,25-268,1999,1.0,0,0,0,0,0,0,0,,0,1,0,1,3,3,0,0
Mamadou Sarr,FRA,DF,Strasbourg,Ligue 1,19-049,2005,1.8,4,2,1,3,0,3,5,60.0,2,3,2,1,3,7,4,0
Martin Satriano,URU,"FW,DF",Lens,Ligue 1,23-240,2001,0.5,3,1,1,1,1,3,3,100.0,0,0,0,0,0,3,2,0
Téji Savanier,FRA,MF,Montpellier,Ligue 1,32-300,1991,6.9,7,7,3,2,2,6,16,37.5,10,2,0,2,3,10,5,0
Sávio,BRA,FW,Manchester City,Premier League,20-190,2004,3.2,8,5,3,1,4,2,3,66.7,1,2,0,2,0,8,1,1
Nicolò Savona,ITA,DF,Juventus,Serie A,21-212,2003,4.3,8,5,4,3,1,3,5,60.0,2,1,0,1,4,12,1,0
Saba Sazonov,GEO,DF,Torino,Serie A,22-259,2002,0.0,0,0,0,0,0,0,0,,0,1,1,0,0,0,0,0
Joe Scally,USA,DF,Gladbach,Bundesliga,21-291,2002,5.8,10,6,8,2,0,5,8,62.5,3,6,3,3,1,11,11,1
Kevin Schade,GER,"FW,MF",Brentford,Premier League,22-325,2001,4.2,11,9,2,4,5,5,6,83.3,1,1,1,0,0,11,3,0
András Schäfer,HUN,MF,Union Berlin,Bundesliga,25-187,1999,4.2,13,7,6,6,1,10,15,66.7,5,8,1,7,4,17,8,0
Fabian Schär,SUI,DF,Newcastle Utd,Premier League,32-302,1991,4.3,3,0,2,1,0,0,1,0.0,1,1,1,0,5,8,15,0
Patrik Schick,CZE,FW,Leverkusen,Bundesliga,28-267,1996,1.2,1,1,0,1,0,0,0,,0,1,0,1,0,1,1,0
Stefan Schimmer,GER,"FW,MF",Heidenheim,Bundesliga,30-172,1994,0.4,1,0,0,1,0,1,1,100.0,0,0,0,0,0,1,0,0
Joël Schingtienne,BEL,DF,Venezia,Serie A,22-066,2002,1.0,4,4,3,1,0,1,1,100.0,0,1,0,1,1,5,1,0
Keven Schlotterbeck,GER,DF,Augsburg,Bundesliga,27-172,1997,5.4,4,3,1,3,0,2,2,100.0,0,5,3,2,8,12,20,1
Nico Schlotterbeck,GER,DF,Dortmund,Bundesliga,24-321,1999,4.8,11,7,6,5,0,9,13,69.2,4,5,1,4,8,19,16,0
Jeffrey Schlupp,GHA,"MF,DF",Crystal Palace,Premier League,31-299,1992,0.4,0,0,0,0,0,0,1,0.0,1,1,0,1,0,0,1,0
Romano Schmid,AUT,MF,Werder Bremen,Bundesliga,24-264,2000,5.8,8,1,3,4,1,5,12,41.7,7,5,0,5,0,8,4,0
Niklas Schmidt,GER,MF,Toulouse,Ligue 1,26-230,1998,1.6,3,2,1,2,0,1,2,50.0,1,0,0,0,0,3,2,0
Jan Schöppner,GER,MF,Heidenheim,Bundesliga,25-127,1999,5.2,11,4,2,8,1,6,13,46.2,7,6,1,5,11,22,22,0
Marvin Schulz,GER,MF,Holstein Kiel,Bundesliga,29-276,1995,0.3,1,1,1,0,0,1,2,50.0,1,1,1,0,0,1,3,0
Léo Scienza,BRA,"FW,MF",Heidenheim,Bundesliga,26-034,1998,2.9,3,3,2,1,0,0,4,0.0,4,1,0,1,3,6,4,0
Alex Scott,ENG,MF,Bournemouth,Premier League,21-057,2003,2.2,16,7,8,4,4,12,15,80.0,3,6,1,5,4,20,4,0
Simone Scuffet,ITA,GK,Cagliari,Serie A,28-139,1996,7.0,0,0,0,0,0,0,1,0.0,1,0,0,0,0,0,6,1
Jérémy Sebas,MTQ,"FW,MF",Strasbourg,Ligue 1,21-186,2003,0.2,2,1,1,1,0,2,3,66.7,1,0,0,0,0,2,0,0
Aleksandar Sedlar,SRB,DF,Alavés,La Liga,32-309,1991,4.5,15,9,5,10,0,7,9,77.8,2,2,1,1,7,22,7,1
Alidu Seidu,GHA,DF,Rennes,Ligue 1,24-135,2000,5.9,14,10,9,4,1,9,10,90.0,1,10,5,5,8,22,12,0
Nicolas Seiwald,AUT,MF,RB Leipzig,Bundesliga,23-166,2001,3.7,12,8,3,9,0,6,11,54.5,5,4,1,3,9,21,9,0
Matz Sels,BEL,GK,Nott'ham Forest,Premier League,32-234,1992,7.0,1,1,1,0,0,1,1,100.0,0,0,0,0,0,1,4,0
Nélson Semedo,POR,DF,Wolves,Premier League,30-336,1993,4.7,9,4,5,3,1,4,11,36.4,7,2,1,1,1,10,18,0
Antoine Semenyo,GHA,FW,Bournemouth,Premier League,24-284,2000,6.7,11,7,5,2,4,3,9,33.3,6,14,2,12,1,12,4,0
Marvin Senaya,TOG,DF,Strasbourg,Ligue 1,23-263,2001,1.2,3,2,2,1,0,2,4,50.0,2,5,2,3,6,9,7,0
Marcos Senesi,ARG,DF,Bournemouth,Premier League,27-160,1997,4.8,17,8,12,4,1,7,15,46.7,8,10,5,5,7,24,24,0
Suat Serdar,GER,MF,Hellas Verona,Serie A,27-189,1997,0.2,0,0,0,0,0,0,0,,0,0,0,0,0,0,0,0
Sergi,ESP,DF,Leganés,La Liga,32-180,1992,9.0,13,10,7,5,1,5,6,83.3,1,9,5,4,14,27,46,0
Benjamin Šeško,SVN,"FW,MF",RB Leipzig,Bundesliga,21-139,2003,4.8,4,2,0,2,2,1,2,50.0,1,4,2,2,2,6,4,0
Stephan El Shaarawy,ITA,DF,Roma,Serie A,31-356,1992,2.8,3,2,1,0,2,0,1,0.0,1,1,0,1,3,6,3,0
Eldor Shomurodov,UZB,"FW,DF",Roma,Serie A,29-110,1995,0.4,0,0,0,0,0,0,1,0.0,1,0,0,0,0,0,0,0
Djibril Sidibé,FRA,DF,Toulouse,Ligue 1,32-080,1992,4.1,15,7,7,6,2,5,7,71.4,2,2,1,1,6,21,10,0
Armindo Sieb,GER,"MF,FW",Mainz 05,Bundesliga,21-243,2003,2.2,2,1,0,2,0,1,2,50.0,1,1,0,1,1,3,2,0
Vincent Sierro,SUI,MF,Toulouse,Ligue 1,29-009,1995,6.2,13,6,3,9,1,7,12,58.3,5,7,0,7,5,18,13,0
Tim Siersleben,GER,DF,Heidenheim,Bundesliga,24-222,2000,0.1,0,0,0,0,0,0,0,,0,0,0,0,1,1,2,0
Kiliann Sildillia,FRA,FW,Freiburg,Bundesliga,22-154,2002,0.0,0,0,0,0,0,0,0,,0,0,0,0,0,0,0,0
André Silva,POR,FW,RB Leipzig,Bundesliga,28-346,1995,0.2,0,0,0,0,0,0,0,,0,0,0,0,0,0,0,0
Bernardo Silva,POR,"MF,FW",Manchester City,Premier League,30-068,1994,6.1,5,4,0,3,2,1,5,20.0,4,5,1,4,2,7,2,1
Caio Henrique Oliveira Silva,BRA,DF,Monaco,Ligue 1,27-078,1997,3.1,6,4,2,4,0,3,4,75.0,1,5,0,5,2,8,6,0
Fábio Silva,POR,"FW,MF",Las Palmas,La Liga,22-090,2002,3.9,5,1,1,2,2,1,6,16.7,5,3,0,3,1,6,1,0
Jota Silva,POR,"MF,FW",Nott'ham Forest,Premier League,25-077,1999,1.3,4,1,4,0,0,0,3,0.0,3,1,0,1,5,9,3,0
Rui Silva,POR,GK,Betis,La Liga,30-253,1994,9.0,0,0,0,0,0,0,0,,0,0,0,0,0,0,5,0
Abdallah Sima,SEN,"FW,MF",Brest,Ligue 1,23-122,2001,2.6,2,2,0,2,0,2,2,100.0,0,1,0,1,1,3,3,0
Mohamed Simakan,FRA,DF,RB Leipzig,Bundesliga,24-167,2000,0.6,0,0,0,0,0,0,0,,0,0,0,0,2,2,0,0
Giovanni Simeone,ARG,FW,Napoli,Serie A,29-104,1995,1.5,0,0,0,0,0,0,2,0.0,2,1,0,1,1,1,1,0
Giuliano Simeone,ARG,"MF,DF",Atlético Madrid,La Liga,21-304,2002,1.0,2,2,0,1,1,2,3,66.7,1,3,1,2,0,2,2,0
Moses Simon,NGA,FW,Nantes,Ligue 1,29-097,1995,6.4,5,5,2,2,1,4,7,57.1,3,2,0,2,4,9,2,0
Xavi Simons,NED,MF,RB Leipzig,Bundesliga,21-179,2003,5.8,6,5,1,5,0,3,3,100.0,0,3,1,2,1,7,3,0
Danel Sinani,LUX,"MF,FW",St. Pauli,Bundesliga,27-195,1997,0.3,0,0,0,0,0,0,1,0.0,1,0,0,0,1,1,0,0
Lassine Sinayoko,MLI,"FW,MF",Auxerre,Ligue 1,24-314,1999,6.6,9,5,4,1,4,3,6,50.0,3,4,0,4,4,13,16,0
Wilfried Singo,CIV,DF,Monaco,Ligue 1,23-297,2000,4.1,7,4,4,3,0,2,4,50.0,2,2,1,1,12,19,15,0
Luis Sinisterra,COL,"FW,MF",Bournemouth,Premier League,25-122,1999,2.0,4,1,1,1,2,0,4,0.0,4,3,0,3,0,4,4,0
Daley Sinkgraven,NED,DF,Las Palmas,La Liga,29-105,1995,1.0,5,1,3,2,0,1,3,33.3,2,1,0,1,1,6,2,0
Jailson Siqueira,BRA,"DF,MF",Celta Vigo,La Liga,29-040,1995,5.0,7,7,5,2,0,5,6,83.3,1,5,3,2,8,15,18,1
Ibrahim Sissoko,MLI,FW,Saint-Étienne,Ligue 1,28-325,1995,5.1,7,6,2,3,2,2,5,40.0,3,5,0,5,1,8,8,0
Ibrahima Sissoko,MLI,"MF,DF",Bochum,Bundesliga,26-356,1997,5.8,17,12,9,7,1,6,11,54.5,5,4,2,2,9,26,12,0
Antonio Sivera,ESP,GK,Alavés,La Liga,28-067,1996,9.0,0,0,0,0,0,0,0,,0,0,0,0,0,0,4,0
Tim Skarke,GER,"FW,MF",Union Berlin,Bundesliga,28-040,1996,1.9,2,2,1,1,0,2,5,40.0,3,2,0,2,0,2,4,0
Ellyes Skhiri,TUN,MF,Eint Frankfurt,Bundesliga,29-160,1995,4.6,5,3,2,3,0,1,9,11.1,8,12,2,10,5,10,7,0
Oliver Skipp,ENG,MF,Leicester City,Premier League,24-031,2000,4.0,4,2,1,2,1,3,4,75.0,1,7,3,4,2,6,6,0
Leo Skiri Østigård,NOR,DF,Rennes,Ligue 1,24-324,1999,4.7,15,13,12,3,0,12,17,70.6,5,5,5,0,5,20,26,0
Łukasz Skorupski,POL,GK,Bologna,Serie A,33-165,1991,5.0,0,0,0,0,0,0,0,,0,0,0,0,0,0,1,0
Milan Škriniar,SVK,DF,Paris S-G,Ligue 1,29-249,1995,1.2,3,2,2,1,0,1,1,100.0,0,3,2,1,1,4,2,0
Steven Skrzybski,GER,"MF,FW",Holstein Kiel,Bundesliga,31-334,1992,1.1,2,0,0,0,2,1,1,100.0,0,1,0,1,3,5,1,0
Naatan Skyttä,FIN,FW,Toulouse,Ligue 1,22-163,2002,0.1,1,0,0,0,1,0,0,,0,0,0,0,0,1,0,0
William Smallbone,IRL,MF,Southampton,Premier League,24-239,2000,2.4,7,3,3,3,1,3,4,75.0,1,3,0,3,0,7,1,1
Adam Smith,ENG,DF,Bournemouth,Premier League,33-171,1991,3.6,5,2,2,1,2,3,6,50.0,3,2,1,1,4,9,11,0
Eric Smith,SWE,DF,St. Pauli,Bundesliga,27-283,1997,5.4,7,5,6,1,0,5,5,100.0,0,6,3,3,7,14,18,2
Emile Smith Rowe,ENG,MF,Fulham,Premier League,24-081,2000,5.2,11,7,3,3,5,3,5,60.0,2,5,0,5,4,15,3,0
Simon Sohm,SUI,MF,Parma,Serie A,23-189,2001,5.0,4,2,2,1,1,2,5,40.0,3,2,1,1,5,9,10,0
Alex Sola,ESP,"MF,FW",Getafe,La Liga,25-130,1999,6.9,13,7,8,5,0,7,17,41.2,10,6,0,6,1,14,6,0
Dominic Solanke,ENG,FW,Tottenham,Premier League,27-033,1997,5.0,4,3,1,3,0,0,0,,0,2,0,2,0,4,4,0
Ola Solbakken,NOR,"MF,FW",Empoli,Serie A,26-040,1998,3.1,2,2,0,2,0,0,0,,0,0,0,0,0,2,4,0
Carlos Soler,ESP,MF,West Ham,Premier League,27-289,1997,1.4,2,2,1,1,0,1,5,20.0,4,4,1,3,1,3,2,0
Jhon Solis,COL,MF,Girona,La Liga,20-014,2004,3.2,4,4,2,2,0,3,9,33.3,6,10,1,9,3,7,4,0
Yann Sommer,SUI,GK,Inter,Serie A,35-305,1988,7.0,0,0,0,0,0,0,0,,0,0,0,0,0,0,4,1
David Soria,ESP,GK,Getafe,La Liga,31-196,1993,9.0,1,1,1,0,0,1,1,100.0,0,0,0,0,0,1,7,1
Juan Soriano,ESP,GK,Leganés,La Liga,27-055,1997,6.0,1,1,1,0,0,1,1,100.0,0,0,0,0,0,1,2,0
Borna Sosa,CRO,DF,Torino,Serie A,26-270,1998,2.8,4,3,2,2,0,3,6,50.0,3,1,0,1,4,8,7,0
Ramón Sosa,PAR,"MF,FW",Nott'ham Forest,Premier League,25-047,1999,0.7,2,1,1,0,1,0,0,,0,1,0,1,0,2,2,0
Hugo Sotelo,ESP,MF,Celta Vigo,La Liga,20-303,2003,2.8,5,4,3,1,1,0,2,0.0,2,1,0,1,0,5,3,0
Florian Sotoca,FRA,FW,Lens,Ligue 1,33-358,1990,4.6,6,4,0,1,5,3,4,75.0,1,5,1,4,1,7,11,0
Riccardo Sottil,ITA,"MF,FW",Fiorentina,Serie A,25-136,1999,0.7,0,0,0,0,0,0,0,,0,1,0,1,0,0,0,0
Tomáš Souček,CZE,MF,West Ham,Premier League,29-233,1995,5.1,10,6,4,5,1,6,10,60.0,4,7,2,5,5,15,14,0
Matìas Soulé,ARG,"MF,FW",Roma,Serie A,21-185,2003,4.3,3,2,0,1,2,1,4,25.0,3,8,1,7,2,5,4,0
Boubakary Soumaré,FRA,MF,Leicester City,Premier League,25-233,1999,0.2,0,0,0,0,0,0,0,,0,0,0,0,0,0,0,0
Issa Soumaré,SEN,"FW,MF",Le Havre,Ligue 1,24-007,2000,3.8,2,0,0,1,1,2,6,33.3,4,3,1,2,2,4,2,0
Djibril Sow,SUI,MF,Sevilla,La Liga,27-254,1997,4.1,5,3,2,3,0,0,3,0.0,3,1,0,1,3,8,4,0
Saidou Sow,GUI,DF,Strasbourg,Ligue 1,22-105,2002,6.8,7,4,4,3,0,4,7,57.1,3,9,5,4,14,21,26,0
Djed Spence,ENG,DF,Tottenham,Premier League,24-069,2000,0.7,2,2,2,0,0,2,2,100.0,0,0,0,0,2,4,1,0
Leonardo Spinazzola,ITA,DF,Napoli,Serie A,31-206,1993,2.0,1,1,0,1,0,0,1,0.0,1,3,1,2,0,1,3,1
Anton Stach,GER,DF,Hoffenheim,Bundesliga,25-337,1998,5.5,13,11,7,5,1,7,10,70.0,3,7,3,4,7,20,34,0
Jens Stage,DEN,MF,Werder Bremen,Bundesliga,27-344,1996,5.7,6,5,4,2,0,3,10,30.0,7,12,3,9,7,13,7,0
Jay Stansfield,ENG,MF,Fulham,Premier League,21-328,2002,0.0,0,0,0,0,0,0,0,,0,0,0,0,0,0,0,0
Carl Starfelt,SWE,DF,Celta Vigo,La Liga,29-138,1995,6.2,4,3,3,1,0,1,4,25.0,3,10,8,2,11,15,34,0
Niklas Stark,GER,DF,Werder Bremen,Bundesliga,29-186,1995,4.1,9,6,4,4,1,4,5,80.0,1,10,8,2,4,13,24,0
Lucas Stassin,BEL,FW,Saint-Étienne,Ligue 1,19-324,2004,1.7,2,1,0,1,1,2,3,66.7,1,2,0,2,0,2,2,0
Jason Steele,ENG,GK,Brighton,Premier League,34-060,1990,2.0,0,0,0,0,0,0,0,,0,0,0,0,0,0,1,0
Orri Steinn Óskarsson,ISL,FW,Real Sociedad,La Liga,20-049,2004,1.9,2,2,0,1,1,0,2,0.0,2,4,0,4,0,2,1,0
Pascal Stenzel,GER,DF,Stuttgart,Bundesliga,28-211,1996,1.3,1,0,1,0,0,0,1,0.0,1,3,1,2,0,1,4,0
Jack Stephens,ENG,DF,Southampton,Premier League,30-264,1994,3.9,8,5,6,2,0,3,7,42.9,4,4,2,2,0,8,5,2
Raheem Sterling,ENG,"MF,FW",Arsenal,Premier League,29-314,1994,1.0,0,0,0,0,0,0,0,,0,1,0,1,0,0,0,0
Enzo Sternal,FRA,FW,Marseille,Ligue 1,17-142,2007,0.1,0,0,0,0,0,0,0,,0,0,0,0,0,0,0,0
Ross Stewart,SCO,"FW,MF",Southampton,Premier League,28-098,1996,1.5,0,0,0,0,0,0,3,0.0,3,3,0,3,0,0,4,0
Angelo Stiller,GER,"MF,DF",Stuttgart,Bundesliga,23-196,2001,5.9,8,3,5,2,1,2,6,33.3,4,7,3,4,4,12,13,1
Kevin Stöger,AUT,"MF,FW",Gladbach,Bundesliga,31-051,1993,5.6,10,5,5,3,2,4,11,36.4,7,10,0,10,3,13,12,0
Stoichkov,ESP,"MF,FW",Alavés,La Liga,30-347,1993,5.6,12,7,5,6,1,5,10,50.0,5,1,0,1,1,13,5,0
Petar Stojanović,SVN,MF,Empoli,Serie A,29-010,1995,0.0,0,0,0,0,0,0,0,,0,0,0,0,0,0,0,0
John Stones,ENG,"DF,MF",Manchester City,Premier League,30-142,1994,1.7,2,2,0,2,0,1,1,100.0,0,1,0,1,1,3,6,1
Jørgen Strand Larsen,NOR,FW,Wolves,Premier League,24-254,2000,6.3,2,2,1,0,1,0,5,0.0,5,4,1,3,1,3,6,0
Gabriel Strefezza,BRA,"FW,MF",Como,Serie A,27-182,1997,6.6,16,12,5,6,5,6,15,40.0,9,5,1,4,2,18,1,0
Cristhian Stuani,URU,FW,Girona,La Liga,38-005,1986,1.1,0,0,0,0,0,0,0,,0,1,0,1,0,0,1,0
Álex Suárez,ESP,DF,Las Palmas,La Liga,31-213,1993,6.0,12,8,9,2,1,7,9,77.8,2,9,5,4,4,16,21,0
Denis Suárez,ESP,MF,Villarreal,La Liga,30-285,1994,0.9,1,1,1,0,0,1,2,50.0,1,1,1,0,0,1,1,0
Gabriel Suazo,CHI,DF,Toulouse,Ligue 1,27-069,1997,4.0,12,6,4,5,3,8,14,57.1,6,4,0,4,4,16,2,0
Luka Sučić,CRO,MF,Real Sociedad,La Liga,22-039,2002,4.4,7,3,1,4,2,2,7,28.6,5,5,2,3,3,10,1,0
Yukinari Sugawara,JPN,DF,Southampton,Premier League,24-111,2000,6.3,14,9,8,5,1,6,9,66.7,3,7,3,4,4,18,19,1
Niklas Süle,GER,DF,Dortmund,Bundesliga,29-044,1995,3.7,5,4,4,1,0,4,5,80.0,1,1,1,0,1,6,19,0
Ibrahim Sulemana,GHA,MF,Atalanta,Serie A,21-148,2003,0.2,0,0,0,0,0,0,0,,0,0,0,0,0,0,0,0
Crysencio Summerville,NED,"FW,MF",West Ham,Premier League,22-353,2001,1.6,2,0,0,1,1,1,2,50.0,1,4,1,3,0,2,1,0
Tomáš Suslov,SVK,"FW,MF",Hellas Verona,Serie A,22-132,2002,2.7,10,6,3,6,1,2,4,50.0,2,9,0,9,2,12,1,0
Suso,ESP,"FW,MF",Sevilla,La Liga,30-333,1993,0.8,1,0,1,0,0,1,2,50.0,1,0,0,0,0,1,0,0
Zion Suzuki,JPN,GK,Parma,Serie A,22-057,2002,5.8,1,0,1,0,0,1,1,100.0,0,0,0,0,0,1,4,1
Mattias Svanberg,SWE,MF,Wolfsburg,Bundesliga,25-286,1999,4.2,6,3,0,5,1,1,3,33.3,2,1,0,1,4,10,4,0
Marin Šverko,CRO,DF,Venezia,Serie A,26-256,1998,3.9,4,3,3,1,0,2,2,100.0,0,4,1,3,7,11,13,1
Mile Svilar,SRB,GK,Roma,Serie A,25-051,1999,7.0,0,0,0,0,0,0,0,,0,0,0,0,0,0,2,1
Michael Svoboda,AUT,DF,Venezia,Serie A,26-002,1998,6.3,14,7,10,3,1,4,10,40.0,6,14,9,5,7,21,24,2
Williot Swedberg,SWE,"FW,MF",Celta Vigo,La Liga,20-259,2004,4.2,4,3,1,2,1,3,4,75.0,1,4,0,4,0,4,3,0
Abakar Sylla,CIV,DF,Strasbourg,Ligue 1,21-297,2002,4.4,12,7,8,2,2,6,7,85.7,1,9,6,3,4,16,20,0
Issiaga Sylla,GUI,"DF,FW",Montpellier,Ligue 1,30-290,1994,0.2,1,0,1,0,0,1,1,100.0,0,0,0,0,0,1,0,0
Mamadou Sylla,SEN,FW,Valladolid,La Liga,30-211,1994,2.4,0,0,0,0,0,0,0,,0,1,0,1,0,0,1,1
Sammie Szmodics,IRL,"FW,MF",Ipswich Town,Premier League,29-023,1995,3.4,2,1,1,1,0,0,1,0.0,1,2,0,2,3,5,3,0
Dominik Szoboszlai,HUN,MF,Liverpool,Premier League,23-358,2000,6.0,4,0,1,2,1,1,2,50.0,1,10,1,9,2,6,4,0
Alexander Sørloth,NOR,FW,Atlético Madrid,La Liga,28-317,1995,4.8,1,0,0,0,1,0,0,,0,2,1,1,0,1,7,0
Musa Al-Taamari,JOR,FW,Montpellier,Ligue 1,27-129,1997,1.9,3,1,1,0,2,1,1,100.0,0,0,0,0,1,4,0,0
Haris Tabakovic,BIH,"FW,MF",Hoffenheim,Bundesliga,30-119,1994,0.6,1,1,0,0,1,0,0,,0,1,1,0,0,1,2,0
Nicolás Tagliafico,ARG,DF,Lyon,Ligue 1,32-047,1992,2.0,3,1,1,1,1,2,5,40.0,3,3,2,1,4,7,2,0
Jonathan Tah,GER,DF,Leverkusen,Bundesliga,28-249,1996,6.0,5,4,4,1,0,2,3,66.7,1,3,2,1,7,12,17,1
Adrien Tameze,CMR,"MF,DF",Torino,Serie A,30-256,1994,2.7,2,1,0,2,0,0,5,0.0,5,2,2,0,8,10,3,1
Renato Tapia,PER,"MF,FW",Leganés,La Liga,29-081,1995,3.1,13,6,4,7,2,3,7,42.9,4,6,1,5,2,15,15,0
Edmond Tapsoba,BFA,DF,Leverkusen,Bundesliga,25-258,1999,5.9,14,11,7,6,1,5,9,55.6,4,5,3,2,4,18,15,0
Florian Tardieu,FRA,MF,Saint-Étienne,Ligue 1,32-178,1992,1.8,1,1,1,0,0,0,2,0.0,2,3,1,2,3,4,2,0
Mehdi Taremi,IRN,FW,Inter,Serie A,32-091,1992,2.1,2,1,0,1,1,0,0,,0,3,0,3,0,2,3,0
Oussama Targhalline,MAR,MF,Le Havre,Ligue 1,22-150,2002,3.6,6,3,2,1,3,1,3,33.3,2,6,3,3,7,13,2,0
James Tarkowski,ENG,DF,Everton,Premier League,31-333,1992,7.0,19,11,10,7,2,11,16,68.8,5,12,9,3,9,28,39,0
César Tárrega,ESP,DF,Valencia,La Liga,22-234,2002,7.0,8,7,4,3,1,3,5,60.0,2,6,5,1,4,12,33,1
Nuno Tavares,POR,DF,Lazio,Serie A,24-265,2000,4.7,7,6,6,1,0,2,5,40.0,3,1,0,1,2,9,13,0
Marcus Tavernier,ENG,"MF,FW",Bournemouth,Premier League,25-209,1999,6.7,13,8,3,6,4,3,6,50.0,3,4,0,4,1,14,4,0
Charlie Taylor,ENG,DF,Southampton,Premier League,31-029,1993,2.2,4,2,1,3,0,2,2,100.0,0,5,3,2,3,7,17,1
Jack Taylor,IRL,MF,Ipswich Town,Premier League,26-116,1998,1.3,1,0,0,1,0,1,4,25.0,3,1,0,1,2,3,7,0
Loum Tchaouna,FRA,"FW,MF",Lazio,Serie A,21-039,2003,1.6,3,1,1,1,1,1,3,33.3,2,1,0,1,1,4,1,0
Jackson Tchatchoua,CMR,"MF,DF",Hellas Verona,Serie A,23-033,2001,7.0,11,4,9,1,1,8,10,80.0,2,9,5,4,6,17,11,0
Enzo Tchato,CMR,DF,Montpellier,Ligue 1,21-329,2002,5.1,9,5,4,4,1,5,12,41.7,7,7,2,5,4,13,16,0
Aurélien Tchouaméni,FRA,"MF,DF",Real Madrid,La Liga,24-264,2000,7.7,15,6,5,9,1,6,14,42.9,8,7,6,1,19,34,11,0
Álvaro Tejero,ESP,"MF,DF",Espanyol,La Liga,28-089,1996,4.5,5,3,1,3,1,2,10,20.0,8,5,0,5,2,7,10,0
Martín Tejón,ESP,"MF,DF",Valencia,La Liga,20-188,2004,0.5,2,0,0,2,0,1,2,50.0,1,0,0,0,0,2,0,0
Mathys Tel,FRA,"MF,FW",Bayern Munich,Bundesliga,19-173,2005,1.0,0,0,0,0,0,0,0,,0,0,0,0,1,1,0,0
Nathan Tella,NGA,"DF,FW",Leverkusen,Bundesliga,25-104,1999,0.9,0,0,0,0,0,0,1,0.0,1,1,0,1,0,0,1,0
Nahuel Tenaglia,ARG,DF,Alavés,La Liga,28-239,1996,6.5,19,9,14,3,2,10,15,66.7,5,3,2,1,8,27,23,0
Casper Tengstedt,DEN,"FW,MF",Hellas Verona,Serie A,24-138,2000,5.4,1,0,0,1,0,0,1,0.0,1,3,1,2,3,4,13,0
Marc-André ter Stegen,GER,GK,Barcelona,La Liga,32-170,1992,5.5,0,0,0,0,0,0,1,0.0,1,0,0,0,0,0,2,2
Filippo Terracciano,ITA,DF,Milan,Serie A,21-252,2003,1.0,2,2,1,0,1,1,3,33.3,2,0,0,0,2,4,1,0
Pietro Terracciano,ITA,GK,Fiorentina,Serie A,34-223,1990,3.0,0,0,0,0,0,0,0,,0,0,0,0,0,0,0,0
Ramón Terrats,ESP,MF,Villarreal,La Liga,23-365,2000,0.8,3,3,1,2,0,2,3,66.7,1,2,1,1,1,4,3,0
Martin Terrier,FRA,MF,Leverkusen,Bundesliga,27-227,1997,3.3,2,1,0,0,2,1,2,50.0,1,2,0,2,1,3,1,0
Tanner Tessmann,USA,MF,Lyon,Ligue 1,23-023,2001,1.0,4,2,3,1,0,0,1,0.0,1,0,0,0,4,8,4,0
Kenny Tete,NED,DF,Fulham,Premier League,29-008,1995,6.8,15,8,7,3,5,7,13,53.8,6,9,2,7,13,28,15,0
Teddy Teuma,MLT,MF,Reims,Ligue 1,31-017,1993,1.5,4,3,1,2,1,2,6,33.3,4,3,1,2,1,5,2,0
Jordan Teze,NED,DF,Monaco,Ligue 1,25-017,1999,1.8,7,3,4,2,1,1,2,50.0,1,5,1,4,1,8,1,0
Florian Thauvin,FRA,"MF,FW",Udinese,Serie A,31-265,1993,5.0,5,5,4,0,1,4,7,57.1,3,2,0,2,2,7,2,0
Arthur Theate,BEL,DF,Eint Frankfurt,Bundesliga,24-145,2000,5.8,5,3,2,3,0,2,9,22.2,7,9,8,1,7,12,29,0
Malick Thiaw,GER,DF,Milan,Serie A,23-070,2001,1.0,1,1,0,1,0,0,0,,0,0,0,0,1,2,1,0
Sorba Thomas,WAL,FW,Nantes,Ligue 1,25-056,1999,4.8,6,4,3,3,0,3,6,50.0,3,6,0,6,2,8,5,0
Adrien Thomasson,FRA,MF,Lens,Ligue 1,30-312,1993,6.2,24,13,14,4,6,15,26,57.7,11,11,0,11,7,31,10,0
Morten Thorsby,NOR,"MF,DF",Genoa,Serie A,28-165,1996,2.5,3,1,2,0,1,0,2,0.0,2,4,0,4,1,4,4,0
Khéphren Thuram,FRA,MF,Juventus,Serie A,23-205,2001,2.0,1,1,0,1,0,0,1,0.0,1,1,0,1,3,4,4,0
Marcus Thuram,FRA,FW,Inter,Serie A,27-072,1997,6.1,5,3,2,1,2,2,4,50.0,2,5,1,4,1,6,2,0
Youri Tielemans,BEL,MF,Aston Villa,Premier League,27-163,1997,6.9,19,14,9,9,1,11,15,73.3,4,6,2,4,5,24,6,0
Phillip Tietz,GER,FW,Augsburg,Bundesliga,27-100,1997,3.8,4,3,1,2,1,2,2,100.0,0,2,0,2,2,6,8,0
Jurriën Timber,NED,DF,Arsenal,Premier League,23-122,2001,5.0,13,8,4,7,2,4,7,57.1,3,5,2,3,3,16,12,1
Jean-Clair Todibo,FRA,DF,West Ham,Premier League,24-292,1999,2.1,6,4,6,0,0,4,4,100.0,0,4,2,2,2,8,12,0
Harry Toffolo,ENG,DF,Nott'ham Forest,Premier League,29-059,1995,0.4,2,0,1,0,1,0,0,,0,0,0,0,0,2,3,0
Umut Tohumcu,GER,MF,Hoffenheim,Bundesliga,20-067,2004,1.9,6,4,3,2,1,2,2,100.0,0,2,0,2,2,8,4,0
Corentin Tolisso,FRA,MF,Lyon,Ligue 1,30-075,1994,3.8,5,4,2,1,2,3,7,42.9,4,10,1,9,2,7,7,0
Rafael Tolói,ITA,DF,Atalanta,Serie A,34-007,1990,0.4,1,1,1,0,0,1,1,100.0,0,0,0,0,0,1,0,0
Tiago Tomás,POR,"FW,MF",Wolfsburg,Bundesliga,22-123,2002,4.9,7,4,5,1,1,4,13,30.8,9,4,1,3,4,11,6,0
Takehiro Tomiyasu,JPN,DF,Arsenal,Premier League,25-347,1998,0.1,0,0,0,0,0,0,0,,0,0,0,0,0,0,1,0
Fikayo Tomori,ENG,DF,Milan,Serie A,26-303,1997,6.0,8,7,5,2,1,3,6,50.0,3,6,5,1,7,15,17,0
Sandro Tonali,ITA,MF,Newcastle Utd,Premier League,24-162,2000,2.6,3,2,0,3,0,0,4,0.0,4,3,1,2,6,9,3,1
Pablo Torre,ESP,MF,Barcelona,La Liga,21-197,2003,2.1,5,4,1,3,1,2,2,100.0,0,0,0,0,1,6,3,0
David Torres,ESP,DF,Valladolid,La Liga,21-226,2003,3.7,2,2,2,0,0,1,1,100.0,0,9,8,1,1,3,17,0
Ferrán Torres,ESP,FW,Barcelona,La Liga,24-231,2000,3.6,3,1,1,1,1,1,2,50.0,1,2,0,2,0,3,1,0
Pau Torres,ESP,DF,Aston Villa,Premier League,27-275,1997,7.0,6,5,3,3,0,2,3,66.7,1,5,3,2,3,9,14,0
Lucas Torró,ESP,MF,Osasuna,La Liga,30-090,1994,8.6,20,12,7,13,0,11,18,61.1,7,9,2,7,14,34,17,1
Abdoulaye Touré,GUI,MF,Le Havre,Ligue 1,30-228,1994,6.2,14,8,7,5,2,8,13,61.5,5,5,4,1,6,20,11,0
Birama Touré,MLI,MF,Montpellier,Ligue 1,32-133,1992,1.2,3,2,1,2,0,2,3,66.7,1,2,1,1,2,5,1,0
Souleymane Touré,FRA,DF,Udinese,Serie A,21-203,2003,2.2,2,2,2,0,0,1,1,100.0,0,4,2,2,3,5,4,0
Lucas Tousart,FRA,MF,Union Berlin,Bundesliga,27-171,1997,1.4,1,1,0,1,0,0,2,0.0,2,3,1,2,1,2,2,0
Adama Traoré,ESP,"FW,MF",Fulham,Premier League,28-266,1996,6.2,7,5,4,2,1,2,5,40.0,3,3,0,3,1,8,2,1
Hamari Traoré,MLI,DF,Real Sociedad,La Liga,32-264,1992,3.5,11,7,7,3,1,9,12,75.0,3,1,1,0,3,14,11,0
Omar Traoré,GER,"DF,FW",Heidenheim,Bundesliga,26-256,1998,5.5,11,6,9,2,0,7,8,87.5,1,4,2,2,1,12,12,0
Kevin Trapp,GER,GK,Eint Frankfurt,Bundesliga,34-101,1990,2.5,0,0,0,0,0,0,0,,0,0,0,0,0,0,0,0
Mark Travers,IRL,GK,Bournemouth,Premier League,25-152,1999,1.0,0,0,0,0,0,0,0,,0,0,0,0,0,0,1,0
Óscar Trejo,ARG,"MF,FW",Rayo Vallecano,La Liga,36-174,1988,1.4,2,2,0,2,0,2,2,100.0,0,1,0,1,1,3,1,0
Philipp Treu,GER,"MF,DF",St. Pauli,Bundesliga,23-319,2000,5.9,10,6,6,3,1,6,12,50.0,6,13,1,12,3,13,9,0
Ryan Trevitt,ENG,MF,Brentford,Premier League,21-219,2003,0.0,1,1,1,0,0,0,0,,0,0,0,0,0,1,0,0
Christopher Trimmel,AUT,"DF,MF",Union Berlin,Bundesliga,37-236,1987,2.2,7,6,5,2,0,5,8,62.5,3,2,0,2,1,8,6,0
Kieran Trippier,ENG,DF,Newcastle Utd,Premier League,34-028,1990,3.1,9,4,4,4,1,5,13,38.5,8,2,1,1,2,11,6,0
Leandro Trossard,BEL,FW,Arsenal,Premier League,29-318,1994,3.8,6,5,2,3,1,4,9,44.4,5,4,0,4,3,9,1,0
Adrien Truffert,FRA,"DF,MF",Rennes,Ligue 1,22-332,2001,5.4,15,7,6,5,4,11,15,73.3,4,4,0,4,3,18,9,0
Kostas Tsimikas,GRE,DF,Liverpool,Premier League,28-158,1996,1.3,3,2,1,1,1,1,3,33.3,2,2,0,2,2,5,2,0
Viktor Tsyhankov,UKR,"MF,FW",Girona,La Liga,26-337,1997,4.9,4,3,0,2,2,2,5,40.0,3,0,0,0,0,4,2,0
Axel Tuanzebe,COD,DF,Ipswich Town,Premier League,26-338,1997,5.7,13,8,10,0,3,6,10,60.0,4,5,3,2,8,21,21,0
Stefano Turati,ITA,GK,Monza,Serie A,23-042,2001,4.0,0,0,0,0,0,0,0,,0,0,0,0,0,0,2,1
Beñat Turrientes,ESP,MF,Real Sociedad,La Liga,22-260,2002,4.8,10,3,4,5,1,3,5,60.0,2,8,2,6,1,11,5,0
Tuta,BRA,"DF,MF",Eint Frankfurt,Bundesliga,25-105,1999,6.0,15,8,10,3,2,10,13,76.9,3,15,8,7,8,23,43,0
Chrisantus Uche,NGA,"FW,MF",Getafe,La Liga,21-151,2003,8.3,8,5,2,3,3,1,1,100.0,0,6,1,5,1,9,4,0
Destiny Udogie,ITA,DF,Tottenham,Premier League,21-324,2002,6.3,22,14,11,6,5,12,16,75.0,4,9,1,8,7,29,9,1
Manuel Ugarte Ribeiro,URU,MF,Manchester Utd,Premier League,23-189,2001,1.2,8,4,1,5,2,1,1,100.0,0,0,0,0,0,8,3,0
Lesley Ugochukwu,FRA,MF,Southampton,Premier League,20-205,2004,1.6,3,1,0,3,0,0,4,0.0,4,4,1,3,1,4,1,0
Sven Ulreich,GER,GK,Bayern Munich,Bundesliga,36-075,1988,1.0,0,0,0,0,0,0,0,,0,0,0,0,0,0,0,0
Enes Ünal,TUR,FW,Bournemouth,Premier League,27-160,1997,0.6,0,0,0,0,0,0,0,,0,1,0,1,0,0,0,0
Deniz Undav,GER,"FW,MF",Stuttgart,Bundesliga,28-090,1996,4.6,3,3,0,1,2,0,1,0.0,1,2,0,2,0,3,1,0
Naci Ünüvar,NED,"MF,DF",Espanyol,La Liga,21-126,2003,0.2,0,0,0,0,0,0,0,,0,0,0,0,0,0,0,0
Dayot Upamecano,FRA,DF,Bayern Munich,Bundesliga,25-356,1998,6.0,10,6,3,6,1,6,11,54.5,5,3,1,2,12,22,10,0
Kacper Urbanski,POL,MF,Bologna,Serie A,20-040,2004,1.8,5,2,4,0,1,4,6,66.7,2,4,0,4,1,6,4,0
Can Uzun,TUR,"FW,MF",Eint Frankfurt,Bundesliga,18-341,2005,0.7,2,1,1,0,1,1,2,50.0,1,0,0,0,0,2,1,0
Josha Vagnoman,GER,DF,Stuttgart,Bundesliga,23-311,2000,3.5,3,1,2,1,0,0,1,0.0,1,3,1,2,3,6,7,0
Óscar Valentín,ESP,MF,Rayo Vallecano,La Liga,30-058,1994,7.0,15,12,6,8,1,10,16,62.5,6,6,1,5,10,25,16,0
Germán Valera,ESP,"MF,FW",Valencia,La Liga,22-215,2002,0.3,0,0,0,0,0,0,0,,0,0,0,0,3,3,1,0
Emanuele Valeri,ITA,DF,Parma,Serie A,25-315,1998,3.6,6,4,3,1,2,6,8,75.0,2,4,1,3,6,12,10,0
Martin Valjent,SVK,DF,Mallorca,La Liga,28-311,1995,5.8,4,2,4,0,0,1,1,100.0,0,6,2,4,4,8,32,0
Jesús Vallejo,ESP,DF,Real Madrid,La Liga,27-286,1997,0.1,0,0,0,0,0,0,0,,0,0,0,0,0,0,2,0
Federico Valverde,URU,MF,Real Madrid,La Liga,26-087,1998,8.8,16,10,7,9,0,11,15,73.3,4,14,3,11,19,35,11,0
Ignace Van Der Brempt,BEL,DF,Como,Serie A,22-199,2002,3.4,14,9,11,3,0,8,11,72.7,3,4,2,2,4,18,6,0
Virgil van Dijk,NED,DF,Liverpool,Premier League,33-101,1991,7.0,3,1,3,0,0,1,2,50.0,1,2,0,2,17,20,39,1
Vanderson,BRA,DF,Monaco,Ligue 1,23-118,2001,5.0,18,13,9,6,3,10,14,71.4,4,7,3,4,10,28,11,1
Jamie Vardy,ENG,FW,Leicester City,Premier League,37-280,1987,6.4,3,3,2,1,0,0,2,0.0,2,1,0,1,1,4,7,0
Ruben Vargas,SUI,MF,Augsburg,Bundesliga,26-073,1998,2.6,2,1,1,1,0,1,4,25.0,3,1,0,1,1,3,0,1
Nikola Vasilj,BIH,GK,St. Pauli,Bundesliga,28-320,1995,6.0,0,0,0,0,0,0,0,,0,0,0,0,0,0,1,1
Devis Vásquez,COL,GK,Empoli,Serie A,26-158,1998,7.0,0,0,0,0,0,0,0,,0,0,0,0,0,0,7,0
Johan Vásquez,MEX,DF,Genoa,Serie A,25-361,1998,6.3,5,2,2,2,1,2,6,33.3,4,10,6,4,11,16,23,0
Denis Vavro,SVK,DF,Wolfsburg,Bundesliga,28-190,1996,1.0,0,0,0,0,0,0,0,,0,1,0,1,2,2,8,0
José Luis García Vayá,ESP,MF,Valencia,La Liga,26-067,1998,8.7,15,9,7,6,2,3,11,27.3,8,9,2,7,2,17,13,0
Jesus Vazquez,ESP,DF,Valencia,La Liga,21-289,2003,6.2,16,13,8,6,2,5,12,41.7,7,11,5,6,5,21,19,0
Lucas Vázquez,ESP,DF,Real Madrid,La Liga,33-108,1991,2.5,4,4,2,2,0,3,7,42.9,4,3,0,3,1,5,0,0
Matías Vecino,URU,MF,Lazio,Serie A,33-054,1991,1.7,2,2,1,1,0,2,7,28.6,5,2,0,2,1,3,2,0
Renato Veiga,POR,"MF,DF",Chelsea,Premier League,21-080,2003,1.4,8,5,5,3,0,4,8,50.0,4,3,1,2,1,9,1,0
Alejo Véliz,ARG,FW,Espanyol,La Liga,21-028,2003,6.3,1,1,0,1,0,1,4,25.0,3,9,2,7,1,2,13,0
Miloš Veljković,SRB,DF,Werder Bremen,Bundesliga,29-021,1995,1.0,0,0,0,0,0,0,1,0.0,1,1,1,0,0,0,2,0
Joël Veltman,NED,DF,Brighton,Premier League,32-276,1992,5.8,16,10,9,5,2,11,21,52.4,10,7,2,5,6,22,16,0
Micky van de Ven,NED,DF,Tottenham,Premier League,23-181,2001,5.9,4,1,1,2,1,3,5,60.0,2,4,2,2,6,10,17,0
Nikolas Veratschnig,AUT,MF,Mainz 05,Bundesliga,21-267,2003,0.0,0,0,0,0,0,0,0,,0,0,0,0,0,0,0,0
Bart Verbruggen,NED,GK,Brighton,Premier League,22-060,2002,5.0,0,0,0,0,0,0,1,0.0,1,0,0,0,0,0,3,2
Simone Verdi,ITA,"MF,FW",Como,Serie A,32-097,1992,0.6,0,0,0,0,0,0,1,0.0,1,0,0,0,0,0,0,0
Jordan Veretout,FRA,MF,Lyon,Ligue 1,31-230,1993,2.6,3,2,0,2,1,1,3,33.3,2,3,1,2,0,3,3,0
Arthur Vermeeren,BEL,MF,RB Leipzig,Bundesliga,19-253,2005,1.6,4,3,2,2,0,2,6,33.3,4,3,2,1,3,7,3,0
Yorbe Vertessen,BEL,"MF,FW",Union Berlin,Bundesliga,23-283,2001,2.8,3,1,2,1,0,0,1,0.0,1,3,0,3,0,3,1,0
Mikel Vesga,ESP,MF,Athletic Club,La Liga,31-149,1993,3.5,5,3,2,3,0,2,10,20.0,8,4,0,4,6,11,5,0
Jannik Vestergaard,DEN,DF,Leicester City,Premier League,32-075,1992,2.0,2,1,0,2,0,0,0,,0,2,0,2,2,4,17,0
Ben Viadere,FRA,MF,Auxerre,Ligue 1,19-045,2005,0.1,0,0,0,0,0,0,0,,0,0,0,0,0,0,0,0
Guglielmo Vicario,ITA,GK,Tottenham,Premier League,28-010,1996,7.0,0,0,0,0,0,0,0,,0,0,0,0,0,0,5,1
Carlos Vicente,ESP,"FW,MF",Alavés,La Liga,25-177,1999,7.9,10,7,6,2,2,4,5,80.0,1,3,0,3,3,13,6,0
Pau Victor Delgado,ESP,FW,Barcelona,La Liga,22-326,2001,1.3,1,1,0,1,0,0,3,0.0,3,5,1,4,1,2,4,0
Nacho Vidal,ESP,DF,Osasuna,La Liga,29-267,1995,1.2,2,0,0,1,1,1,3,33.3,2,1,0,1,0,2,3,0
Samuele Vignato,ITA,MF,Monza,Serie A,20-236,2004,1.2,3,1,0,2,1,2,3,66.7,1,0,0,0,0,3,1,0
Asier Villalibre,ESP,FW,Alavés,La Liga,27-017,1997,2.0,0,0,0,0,0,0,0,,0,1,0,1,1,1,4,0
Iván Villar,ESP,GK,Celta Vigo,La Liga,27-100,1997,4.0,0,0,0,0,0,0,0,,0,0,0,0,0,0,3,0
Nicolas Viola,ITA,"MF,FW",Cagliari,Serie A,35-005,1989,1.9,2,2,1,1,0,0,3,0.0,3,0,0,0,1,3,2,0
Viti,ESP,DF,Las Palmas,La Liga,27-031,1997,3.9,11,6,6,4,1,4,6,66.7,2,5,0,5,3,14,10,0
Mattia Viti,ITA,DF,Empoli,Serie A,22-267,2002,7.0,26,18,18,7,1,14,18,77.8,4,11,7,4,8,34,30,0
Vitinha,POR,FW,Genoa,Serie A,24-216,2000,5.5,10,4,4,3,3,4,15,26.7,11,5,1,4,4,14,5,0
Vitinha,POR,MF,Paris S-G,Ligue 1,24-247,2000,4.0,7,2,2,4,1,4,6,66.7,2,3,1,2,1,8,3,1
Daniel Vivian,ESP,DF,Athletic Club,La Liga,25-094,1999,7.1,11,8,7,4,0,8,9,88.9,1,6,3,3,10,21,43,0
Dušan Vlahović,SRB,FW,Juventus,Serie A,24-263,2000,6.4,1,1,0,0,1,0,0,,0,3,2,1,0,1,5,1
Vanja Vlahović,SRB,"MF,FW",Atalanta,Serie A,20-208,2004,0.3,0,0,0,0,0,0,0,,0,0,0,0,0,0,0,0
Nikola Vlašić,CRO,"FW,MF",Torino,Serie A,27-013,1997,0.4,0,0,0,0,0,0,1,0.0,1,0,0,0,1,1,0,0
Alessandro Vogliacco,ITA,DF,Genoa,Serie A,26-033,1998,3.2,7,2,2,5,0,4,5,80.0,1,3,2,1,5,12,12,0
Kevin Vogt,GER,DF,Union Berlin,Bundesliga,33-024,1991,5.6,2,2,1,1,0,1,4,25.0,3,4,1,3,2,4,25,0
Mërgim Vojvoda,KVX,DF,Torino,Serie A,29-259,1995,4.1,7,3,2,3,2,3,9,33.3,6,7,2,5,2,9,9,0
Aster Vranckx,BEL,MF,Wolfsburg,Bundesliga,22-013,2002,1.4,3,2,1,2,0,1,1,100.0,0,2,1,1,3,6,4,0
Stefan de Vrij,NED,DF,Inter,Serie A,32-255,1992,1.3,0,0,0,0,0,0,2,0.0,2,0,0,0,0,0,1,0
Ibrahima Wadji,SEN,FW,Saint-Étienne,Ligue 1,29-165,1995,0.5,1,1,0,1,0,1,2,50.0,1,0,0,0,0,1,0,0
Robert Wagner,GER,MF,St. Pauli,Bundesliga,21-095,2003,2.7,6,2,1,5,0,2,7,28.6,5,6,0,6,0,6,3,0
Elye Wahi,FRA,FW,Marseille,Ligue 1,21-289,2003,3.8,0,0,0,0,0,0,2,0.0,2,0,0,0,1,1,0,0
Hauke Wahl,GER,DF,St. Pauli,Bundesliga,30-185,1994,6.0,6,3,1,5,0,3,4,75.0,1,4,1,3,5,11,21,0
Kyle Walker,ENG,DF,Manchester City,Premier League,34-142,1990,3.2,4,2,1,2,1,3,6,50.0,3,2,2,0,1,5,4,0
Kyle Walker-Peters,ENG,DF,Southampton,Premier League,27-187,1997,4.9,7,5,4,2,1,4,8,50.0,4,6,2,4,3,10,9,0
Christian Walton,ENG,GK,Ipswich Town,Premier League,28-343,1995,1.0,0,0,0,0,0,0,1,0.0,1,0,0,0,0,0,0,0
Sebastian Walukiewicz,POL,DF,Torino,Serie A,24-195,2000,2.7,4,1,3,0,1,2,3,66.7,1,3,0,3,6,10,15,0
Sebastian Walukiewicz,POL,DF,Empoli,Serie A,24-195,2000,2.0,1,0,1,0,0,0,1,0.0,1,3,3,0,1,2,15,0
Aaron Wan-Bissaka,ENG,"DF,MF",West Ham,Premier League,26-326,1997,5.3,11,6,4,5,2,4,4,100.0,0,4,2,2,6,17,9,0
Paul Wanner,GER,MF,Heidenheim,Bundesliga,18-299,2005,4.9,13,7,3,10,0,5,10,50.0,5,2,0,2,1,14,6,0
James Ward-Prowse,ENG,MF,West Ham,Premier League,29-351,1994,0.2,1,0,1,0,0,1,1,100.0,0,1,0,1,0,1,0,0
James Ward-Prowse,ENG,MF,Nott'ham Forest,Premier League,29-351,1994,3.2,3,1,1,2,0,1,1,100.0,0,3,2,1,5,8,3,0
Ollie Watkins,ENG,FW,Aston Villa,Premier League,28-292,1995,5.9,2,1,0,2,0,0,3,0.0,3,4,0,4,2,4,0,0
Timothy Weah,USA,FW,Juventus,Serie A,24-238,2000,1.3,3,1,0,1,2,1,1,100.0,0,2,0,2,1,4,0,0
Adam Webster,ENG,DF,Brighton,Premier League,29-287,1995,0.9,0,0,0,0,0,0,2,0.0,2,4,3,1,1,1,3,1
Julian Weigl,GER,MF,Gladbach,Bundesliga,29-039,1995,5.6,10,4,7,2,1,7,8,87.5,1,5,2,3,12,22,12,0
Timon Weiner,GER,GK,Holstein Kiel,Bundesliga,25-273,1999,6.0,0,0,0,0,0,0,0,,0,0,0,0,0,0,3,1
Nelson Weiper,GER,"FW,MF",Mainz 05,Bundesliga,19-214,2005,0.2,0,0,0,0,0,0,0,,0,1,0,1,0,0,0,0
Mitchell Weiser,GER,"DF,MF",Werder Bremen,Bundesliga,30-179,1994,6.0,10,6,3,6,1,4,9,44.4,5,2,0,2,3,13,12,0
Noah Weißhaupt,GER,FW,Freiburg,Bundesliga,23-027,2001,0.6,0,0,0,0,0,0,1,0.0,1,0,0,0,0,0,1,0
Danny Welbeck,ENG,FW,Brighton,Premier League,33-326,1990,6.6,6,4,2,3,1,1,3,33.3,2,6,1,5,2,8,4,0
Timo Werner,GER,FW,Tottenham,Premier League,28-225,1996,2.2,2,2,1,1,0,1,2,50.0,1,7,1,6,1,3,2,0
Adam Wharton,ENG,MF,Crystal Palace,Premier League,20-137,2004,5.9,14,8,7,7,0,8,23,34.8,15,3,0,3,7,21,9,0
Ben White,ENG,DF,Arsenal,Premier League,27-009,1997,4.5,7,5,5,1,1,6,13,46.2,7,4,3,1,6,13,13,0
Silvan Widmer,SUI,DF,Mainz 05,Bundesliga,31-226,1993,1.2,2,2,1,1,0,2,3,66.7,1,1,0,1,1,3,4,0
Mats Wieffer,NED,MF,Brighton,Premier League,24-336,1999,2.1,6,3,1,3,2,2,5,40.0,3,5,1,4,2,8,4,1
Mateusz Wieteska,POL,DF,Cagliari,Serie A,27-249,1997,1.0,1,0,0,1,0,1,1,100.0,0,2,1,1,6,7,4,0
Caleb Wiley,USA,"DF,MF",Strasbourg,Ligue 1,19-300,2004,2.4,0,0,0,0,0,0,0,,0,3,1,2,1,1,3,0
Iñaki Williams,GHA,FW,Athletic Club,La Liga,30-124,1994,8.0,3,0,2,0,1,1,5,20.0,4,7,1,6,5,8,10,0
Neco Williams,WAL,DF,Nott'ham Forest,Premier League,23-187,2001,3.8,11,7,9,2,0,5,11,45.5,6,8,1,7,4,15,17,0
Nico Williams,ESP,FW,Athletic Club,La Liga,22-097,2002,4.8,8,4,2,5,1,4,6,66.7,2,0,0,0,1,9,2,0
Joe Willock,ENG,"MF,FW",Newcastle Utd,Premier League,25-058,1999,1.6,3,1,1,2,0,2,5,40.0,3,2,0,2,2,5,1,0
Harry Wilson,WAL,FW,Fulham,Premier League,27-209,1997,0.4,0,0,0,0,0,0,1,0.0,1,0,0,0,0,0,0,0
Patrick Wimmer,AUT,"FW,MF",Wolfsburg,Bundesliga,23-140,2001,3.5,4,4,1,3,0,2,6,33.3,4,4,0,4,4,8,2,0
Jonas Wind,DEN,"MF,FW",Wolfsburg,Bundesliga,25-253,1999,2.5,0,0,0,0,0,0,0,,0,1,0,1,0,0,3,0
Harry Winks,ENG,MF,Leicester City,Premier League,28-258,1996,6.0,9,4,5,2,2,4,10,40.0,6,7,2,5,3,12,7,0
Florian Wirtz,GER,MF,Leverkusen,Bundesliga,21-167,2003,6.0,10,6,4,5,1,4,7,57.1,3,8,1,7,4,14,0,0
Yoane Wissa,COD,FW,Brentford,Premier League,28-044,1996,3.2,1,1,0,0,1,0,1,0.0,1,2,0,2,2,3,2,0
Dani de Wit,NED,MF,Bochum,Bundesliga,26-263,1998,4.6,9,7,5,4,0,4,10,40.0,6,5,1,4,5,14,10,0
Axel Witsel,BEL,DF,Atlético Madrid,La Liga,35-279,1989,3.5,2,1,1,1,0,1,2,50.0,1,2,2,0,2,4,20,0
Maximilian Wittek,GER,DF,Bochum,Bundesliga,29-057,1995,6.0,10,8,4,5,1,8,15,53.3,7,14,3,11,9,19,18,0
Marius Wolf,GER,DF,Augsburg,Bundesliga,29-143,1995,3.5,4,2,1,2,1,1,6,16.7,5,4,0,4,2,6,8,0
Nick Woltemade,GER,MF,Stuttgart,Bundesliga,22-246,2002,0.4,0,0,0,0,0,0,0,,0,0,0,0,0,0,0,0
Jeong Woo-yeong,KOR,"MF,FW",Union Berlin,Bundesliga,25-027,1999,2.4,1,1,0,1,0,0,1,0.0,1,0,0,0,2,3,0,0
Chris Wood,NZL,FW,Nott'ham Forest,Premier League,32-315,1991,6.2,1,1,0,0,1,1,3,33.3,2,0,0,0,2,3,5,0
Christopher Wooh,CMR,DF,Rennes,Ligue 1,23-029,2001,6.0,15,7,7,7,1,4,5,80.0,1,10,6,4,6,21,25,0
Luke Woolfenden,ENG,DF,Ipswich Town,Premier League,25-362,1998,3.0,0,0,0,0,0,0,1,0.0,1,8,3,5,6,6,20,0
Granit Xhaka,SUI,MF,Leverkusen,Bundesliga,32-020,1992,6.0,7,3,2,4,1,4,5,80.0,1,7,3,4,1,8,6,0
Lamine Yamal,ESP,FW,Barcelona,La Liga,17-096,2007,8.0,16,13,2,7,7,3,6,50.0,3,5,0,5,6,22,0,0
Yehor Yarmoliuk,UKR,MF,Brentford,Premier League,20-230,2004,1.3,1,0,1,0,0,0,3,0.0,3,3,2,1,3,4,2,0
Ryan Yates,ENG,MF,Nott'ham Forest,Premier League,26-331,1997,5.0,9,4,8,1,0,3,6,50.0,3,7,1,6,3,12,14,1
John Yeboah,ECU,"FW,MF",Venezia,Serie A,24-116,2000,0.8,2,2,0,1,1,0,1,0.0,1,1,0,1,0,2,0,0
Bertuğ Yıldırım,TUR,FW,Getafe,La Liga,22-097,2002,5.0,4,2,0,3,1,0,3,0.0,3,3,1,2,0,4,8,0
Kenan Yıldız,TUR,"FW,MF",Juventus,Serie A,19-166,2005,5.7,13,8,2,7,4,5,6,83.3,1,9,0,9,1,14,3,0
Ashley Young,ENG,DF,Everton,Premier League,39-100,1985,4.7,11,6,5,4,2,5,8,62.5,3,2,1,1,6,17,14,0
Etienne Youte Kinkoue,FRA,DF,Le Havre,Ligue 1,22-277,2002,3.5,2,1,1,1,0,2,3,66.7,1,4,2,2,4,6,10,0
Illia Zabarnyi,UKR,DF,Bournemouth,Premier League,22-046,2002,7.0,10,6,4,6,0,4,8,50.0,4,8,2,6,8,18,33,0
Mattia Zaccagni,ITA,"FW,MF",Lazio,Serie A,29-123,1995,6.7,8,6,1,6,1,3,5,60.0,2,3,0,3,4,12,3,0
Dan-Axel Zagadou,FRA,"DF,MF",Stuttgart,Bundesliga,25-136,1999,0.3,0,0,0,0,0,0,0,,0,0,0,0,1,1,1,0
Yoram Zague,FRA,DF,Paris S-G,Ligue 1,18-155,2006,0.8,3,2,1,1,1,2,2,100.0,0,1,0,1,0,3,1,0
Wilfried Zaha,CIV,FW,Lyon,Ligue 1,31-342,1992,0.6,1,1,1,0,0,1,2,50.0,1,2,0,2,0,1,0,0
Warren Zaïre-Emery,FRA,"MF,DF",Paris S-G,Ligue 1,18-223,2006,5.6,11,3,2,6,3,6,9,66.7,3,7,0,7,3,14,8,0
Miha Zajc,SVN,MF,Toulouse,Ligue 1,30-108,1994,0.5,1,1,0,0,1,1,1,100.0,0,0,0,0,1,2,0,0
Denis Zakaria,SUI,MF,Monaco,Ligue 1,27-332,1996,6.3,10,7,4,5,1,5,7,71.4,2,6,4,2,7,17,17,0
Nicola Zalewski,POL,"DF,FW",Roma,Serie A,22-268,2002,2.4,4,3,1,1,2,1,3,33.3,2,2,0,2,0,4,2,0
Andre-Frank Zambo Anguissa,CMR,MF,Napoli,Serie A,28-336,1995,7.0,13,8,2,9,2,6,10,60.0,4,4,1,3,16,29,2,0
Francesco Zampano,ITA,DF,Venezia,Serie A,31-017,1993,6.3,12,9,7,4,1,4,11,36.4,7,5,0,5,4,16,13,2
Nicolò Zaniolo,ITA,"MF,FW",Atalanta,Serie A,25-107,1999,0.6,0,0,0,0,0,0,0,,0,0,0,0,0,0,0,0
Alessandro Zanoli,ITA,DF,Genoa,Serie A,24-014,2000,3.4,1,0,1,0,0,1,1,100.0,0,3,2,1,1,2,8,0
Duván Zapata,COL,FW,Torino,Serie A,33-199,1991,6.5,7,5,2,0,5,0,3,0.0,3,2,1,1,2,9,7,0
Gabriele Zappa,ITA,DF,Cagliari,Serie A,24-300,1999,6.5,9,6,5,4,0,5,7,71.4,2,11,7,4,5,14,19,0
Davide Zappacosta,ITA,DF,Atalanta,Serie A,32-128,1992,4.5,3,3,2,1,0,3,8,37.5,5,3,1,2,1,4,3,0
Bryan Zaragoza,ESP,"FW,MF",Osasuna,La Liga,23-175,2001,6.3,9,6,6,2,1,4,12,33.3,8,4,0,4,0,9,4,0
Anass Zaroury,MAR,"MF,FW",Lens,Ligue 1,23-345,2000,2.2,1,1,0,0,1,0,3,0.0,3,1,0,1,0,1,0,0
Oier Zarraga,ESP,MF,Udinese,Serie A,25-287,1999,2.2,3,1,1,2,0,2,5,40.0,3,1,1,0,1,4,0,0
Jordan Zemura,ZIM,DF,Udinese,Serie A,24-338,1999,3.4,5,2,3,0,2,3,6,50.0,3,8,1,7,4,9,3,0
Robin Zentner,GER,GK,Mainz 05,Bundesliga,29-355,1994,6.0,0,0,0,0,0,0,0,,0,0,0,0,0,0,10,1
Kevin Zeroli,ITA,MF,Milan,Serie A,19-280,2005,0.1,1,1,0,1,0,0,0,,0,0,0,0,0,1,0,0
Cedric Zesiger,SUI,DF,Wolfsburg,Bundesliga,26-115,1998,5.0,10,6,3,5,2,4,9,44.4,5,5,5,0,3,13,24,0
Michael Zetterer,GER,GK,Werder Bremen,Bundesliga,29-097,1995,6.0,0,0,0,0,0,0,0,,0,0,0,0,0,0,1,1
Nathan Zeze,FRA,DF,Nantes,Ligue 1,19-121,2005,5.0,7,4,1,6,0,5,7,71.4,2,8,3,5,11,18,41,0
Edon Zhegrova,KVX,"FW,MF",Lille,Ligue 1,25-200,1999,4.8,2,1,1,0,1,1,2,50.0,1,2,0,2,2,4,0,0
Piotr Zieliński,POL,MF,Inter,Serie A,30-150,1994,0.8,3,3,1,1,1,1,3,33.3,2,0,0,0,0,3,1,0
Oleksandr Zinchenko,UKR,DF,Arsenal,Premier League,27-307,1996,0.9,0,0,0,0,0,0,0,,0,1,0,1,2,2,2,0
Joshua Zirkzee,NED,FW,Manchester Utd,Premier League,23-148,2001,4.2,2,0,2,0,0,2,2,100.0,0,6,2,4,2,4,1,0
Luc Zogbé,CIV,DF,Brest,Ligue 1,19-207,2005,1.3,7,5,4,2,1,3,5,60.0,2,2,0,2,2,9,4,0
Nadir Zortea,ITA,"DF,FW",Cagliari,Serie A,25-120,1999,3.2,6,2,5,1,0,2,3,66.7,1,1,0,1,2,8,5,0
Aristide Zossou,CIV,MF,Auxerre,Ligue 1,19-125,2005,0.1,0,0,0,0,0,0,0,,0,0,0,0,0,0,0,0
Yanis Zouaoui,ALG,DF,Le Havre,Ligue 1,30-099,1994,0.8,0,0,0,0,0,0,0,,0,0,0,0,0,0,1,0
Igor Zubeldia,ESP,DF,Real Sociedad,La Liga,27-201,1997,6.4,5,4,3,1,1,3,5,60.0,2,9,6,3,5,10,23,1
Martín Zubimendi,ESP,MF,Real Sociedad,La Liga,25-258,1999,8.5,21,11,8,10,3,5,7,71.4,2,11,3,8,11,32,19,0
Martin Ødegaard,NOR,MF,Arsenal,Premier League,25-305,1998,2.8,5,3,1,3,1,1,4,25.0,3,0,0,0,1,6,0,0
Milan Đurić,BIH,FW,Monza,Serie A,34-148,1990,4.9,0,0,0,0,0,0,0,,0,2,0,2,1,1,5,0
