Player,Nation,Pos,Squad,Comp,Age,Born,90s,Tackles,TacklesWon,TacklesDef3rd,TacklesMid3rd,TacklesAtt3rd,DribTkl,DribTklAtt,DribTkl%,ChallengesLost,Blocks,ShotsBlocked,PassesBlocked,Int,Tkl+Int,Clr,ErrorsLeadingToShot
Rodrigo Abajas,ESP,DF,Valencia,La Liga,21-180,2003,0.7,3,2,2,1,0,3,3,100.0,0,1,0,1,1,4,0,0
James Abankwah,IRL,DF,Udinese,Serie A,20-297,2004,0.0,0,0,0,0,0,0,0,,0,0,0,0,0,0,0,0
Keyliane Abdallah,FRA,FW,Marseille,Ligue 1,18-217,2006,0.0,1,1,1,0,0,1,1,100.0,0,0,0,0,0,1,0,0
Yunis Abdelhamid,MAR,DF,Saint-Étienne,Ligue 1,37-041,1987,6.4,11,7,9,2,0,6,11,54.5,5,11,9,2,5,16,30,1
Himad Abdelli,ALG,"MF,FW",Angers,Ligue 1,24-357,1999,9.8,17,12,5,6,6,6,19,31.6,13,7,0,7,7,24,9,0
Mohamed Abdelmoneim,EGY,DF,Nice,Ligue 1,25-281,1999,4.8,14,10,8,5,1,9,15,60.0,6,4,2,2,11,25,22,1
Ali Abdi,TUN,DF,Nice,Ligue 1,30-324,1993,5.5,15,9,6,4,5,13,20,65.0,7,13,3,10,2,17,12,0
Abel,ESP,DF,Osasuna,La Liga,24-079,2000,8.1,21,15,11,6,4,12,21,57.1,9,13,2,11,8,29,27,0
Nabil Aberdin,FRA,MF,Getafe,La Liga,22-077,2002,2.9,6,4,3,3,0,1,1,100.0,0,3,0,3,0,6,5,0
Oliver Abildgaard,DEN,MF,Como,Serie A,28-151,1996,0.1,0,0,0,0,0,0,0,,0,1,0,1,0,0,0,0
Matthis Abline,FRA,FW,Nantes,Ligue 1,21-225,2003,8.0,3,3,1,1,1,1,6,16.7,5,1,0,1,0,3,14,0
Abner,BRA,DF,Lyon,Ligue 1,24-165,2000,6.2,13,8,5,6,2,10,14,71.4,4,9,1,8,5,18,15,0
Zakaria Aboukhlal,MAR,"FW,MF",Toulouse,Ligue 1,24-264,2000,8.2,8,4,3,2,3,4,8,50.0,4,3,0,3,2,10,1,0
Abdel Abqar,MAR,DF,Alavés,La Liga,25-243,1999,9.5,10,6,5,5,0,3,9,33.3,6,7,3,4,19,29,41,0
Tammy Abraham,ENG,FW,Roma,Serie A,27-037,1997,0.0,0,0,0,0,0,0,1,0.0,1,0,0,0,0,0,0,0
Tammy Abraham,ENG,FW,Milan,Serie A,27-037,1997,3.9,4,1,0,4,0,0,0,,0,3,0,3,1,5,3,0
Federico Accornero,ITA,MF,Genoa,Serie A,20-277,2004,0.1,0,0,0,0,0,0,0,,0,0,0,0,0,0,0,0
Francesco Acerbi,ITA,DF,Inter,Serie A,36-272,1988,6.3,6,4,5,1,0,2,3,66.7,1,6,6,0,11,17,24,0
Akor Adams,NGA,FW,Montpellier,Ligue 1,24-284,2000,8.8,1,1,0,1,0,0,1,0.0,1,2,1,1,1,2,3,1
Che Adams,SCO,FW,Torino,Serie A,28-118,1996,7.5,5,3,1,2,2,0,1,0.0,1,5,3,2,0,5,2,0
Tyler Adams,USA,MF,Bournemouth,Premier League,25-268,1999,0.4,1,0,1,0,0,1,1,100.0,0,2,1,1,1,2,1,0
Junior Adamu,AUT,FW,Freiburg,Bundesliga,23-155,2001,7.8,1,0,0,0,1,0,3,0.0,3,6,0,6,5,6,8,0
Tosin Adarabioyo,ENG,DF,Chelsea,Premier League,27-045,1997,1.9,2,2,2,0,0,1,1,100.0,0,2,2,0,1,3,8,0
Martin Adeline,FRA,MF,Reims,Ligue 1,20-342,2003,0.3,1,1,0,1,0,1,2,50.0,1,0,0,0,0,1,2,0
Karim Adeyemi,GER,"FW,MF",Dortmund,Bundesliga,22-295,2002,3.4,7,5,3,1,3,2,2,100.0,0,6,0,6,1,8,0,0
Simon Adingra,CIV,"FW,MF",Brighton,Premier League,22-312,2002,1.6,4,2,2,2,0,3,5,60.0,2,3,0,3,2,6,0,0
Amine Adli,MAR,MF,Leverkusen,Bundesliga,24-182,2000,2.3,7,4,1,1,5,3,5,60.0,2,3,0,3,0,7,3,0
Yacine Adli,FRA,MF,Fiorentina,Serie A,24-102,2000,3.6,9,5,3,4,2,4,9,44.4,5,4,0,4,2,11,9,0
Adryelson,BRA,DF,Lyon,Ligue 1,26-230,1998,0.0,0,0,0,0,0,0,0,,0,0,0,0,1,1,1,0
Vasilije Adžić,MNE,MF,Juventus,Serie A,18-180,2006,0.2,2,2,0,1,1,0,1,0.0,1,0,0,0,0,2,0,0
Michel Aebischer,SUI,MF,Bologna,Serie A,27-307,1997,4.2,7,4,1,4,2,4,8,50.0,4,3,1,2,5,12,2,0
Oladapo Afolayan,ENG,"FW,MF",St. Pauli,Bundesliga,26-270,1998,5.9,9,5,2,3,4,4,8,50.0,4,5,0,5,4,13,4,0
Emmanuel Agbadou,CIV,DF,Reims,Ligue 1,27-144,1997,10.0,22,15,17,3,2,16,20,80.0,4,19,12,7,9,31,44,1
Asher Agbinone,ENG,MF,Crystal Palace,Premier League,19-041,2005,0.0,0,0,0,0,0,0,0,,0,0,0,0,0,0,0,0
Julen Agirrezabala,ESP,GK,Athletic Club,La Liga,23-318,2000,8.4,0,0,0,0,0,0,1,0.0,1,0,0,0,0,0,2,0
Lucien Agoume,FRA,MF,Sevilla,La Liga,22-273,2002,6.7,17,5,8,7,2,8,11,72.7,3,14,6,8,8,25,9,0
Felix Agu,GER,DF,Werder Bremen,Bundesliga,25-042,1999,7.9,8,4,5,2,1,4,9,44.4,5,6,2,4,6,14,22,0
Álvaro Aguado,ESP,MF,Espanyol,La Liga,28-191,1996,3.2,4,2,2,2,0,2,5,40.0,3,5,0,5,2,6,5,1
Nayef Aguerd,MAR,DF,Real Sociedad,La Liga,28-223,1996,7.7,11,8,6,5,0,4,7,57.1,3,6,2,4,6,17,30,0
Ruben Aguilar,FRA,DF,Lens,Ligue 1,31-196,1993,3.0,9,6,5,4,0,7,9,77.8,2,5,1,4,5,14,2,0
Honest Ahanor,ITA,DF,Genoa,Serie A,16-259,2008,0.9,2,1,0,2,0,2,4,50.0,2,0,0,0,0,2,2,0
Jean-Eudes Aholou,CIV,MF,Angers,Ligue 1,30-233,1994,7.8,21,15,11,6,4,10,20,50.0,10,11,6,5,13,34,7,0
Joseph Aidoo,GHA,DF,Celta Vigo,La Liga,29-040,1995,0.0,1,0,1,0,0,0,0,,0,0,0,0,0,1,0,0
Ayman Aiki,FRA,"FW,MF",Saint-Étienne,Ligue 1,19-136,2005,1.0,3,3,1,2,0,1,1,100.0,0,1,0,1,1,4,0,0
Ola Aina,NGA,DF,Nott'ham Forest,Premier League,28-031,1996,9.6,20,14,14,5,1,13,20,65.0,7,10,4,6,13,33,28,1
Rayan Aït-Nouri,ALG,DF,Wolves,Premier League,23-155,2001,9.3,18,9,15,2,1,9,16,56.3,7,10,2,8,11,29,21,1
Kristoffer Ajer,NOR,DF,Brentford,Premier League,26-205,1998,7.1,6,5,5,1,0,2,8,25.0,6,8,1,7,6,12,19,0
Ludovic Ajorque,FRA,FW,Brest,Ligue 1,30-257,1994,7.8,9,6,1,4,4,4,8,50.0,4,3,1,2,2,11,5,0
Manuel Akanji,SUI,DF,Manchester City,Premier League,29-112,1995,8.7,7,5,3,2,2,4,7,57.1,3,5,3,2,4,11,24,0
Ümit Akdag,ROU,DF,Toulouse,Ligue 1,21-033,2003,1.6,3,2,1,2,0,3,5,60.0,2,2,2,0,6,9,4,0
Nathan Aké,NED,DF,Manchester City,Premier League,29-264,1995,0.8,1,1,1,0,0,1,1,100.0,0,0,0,0,1,2,1,1
Ilias Akhomach,MAR,"MF,FW",Villarreal,La Liga,20-206,2004,6.0,12,7,4,4,4,6,11,54.5,5,8,0,8,3,15,12,0
Sergio Akieme,ESP,DF,Reims,Ligue 1,26-328,1997,6.9,8,7,7,1,0,5,8,62.5,3,9,4,5,4,12,19,1
Maghnes Akliouche,FRA,"FW,MF",Monaco,Ligue 1,22-257,2002,6.4,11,7,7,3,1,4,12,33.3,8,3,0,3,3,14,2,0
Clément Akpa,CIV,DF,Auxerre,Ligue 1,22-350,2001,7.0,13,8,7,2,4,8,13,61.5,5,14,4,10,10,23,31,1
David Akpan Ankeye,NGA,"FW,MF",Genoa,Serie A,22-268,2002,0.5,0,0,0,0,0,0,1,0.0,1,0,0,0,0,0,1,0
Kevin Akpoguma,NGA,DF,Hoffenheim,Bundesliga,29-203,1995,8.0,10,3,8,1,1,4,11,36.4,7,22,16,6,4,14,37,0
Andreas Albers,DEN,FW,St. Pauli,Bundesliga,34-230,1990,0.3,0,0,0,0,0,0,1,0.0,1,0,0,0,0,0,1,0
Raúl Albiol,ESP,DF,Villarreal,La Liga,39-065,1985,7.2,3,3,2,1,0,2,4,50.0,2,8,8,0,4,7,47,1
Carlos Alcaraz,ARG,MF,Southampton,Premier League,21-344,2002,0.1,0,0,0,0,0,0,0,,0,0,0,0,1,1,0,0
Omar Alderete,PAR,DF,Getafe,La Liga,27-318,1996,11.0,17,10,12,4,1,9,11,81.8,2,12,7,5,11,28,57,1
Carles Aleñá,ESP,"MF,FW",Getafe,La Liga,26-308,1998,3.4,6,3,2,3,1,4,8,50.0,4,7,1,6,0,6,2,0
Trent Alexander-Arnold,ENG,DF,Liverpool,Premier League,26-032,1998,9.4,30,23,19,8,3,20,32,62.5,12,8,3,5,8,38,12,0
Alfon,ESP,"FW,MF",Celta Vigo,La Liga,25-188,1999,2.4,2,0,0,2,0,0,2,0.0,2,2,0,2,2,4,1,0
Mohamed Ali Cho,FRA,FW,Nice,Ligue 1,20-294,2004,6.3,4,3,0,1,3,0,3,0.0,3,3,0,3,1,5,2,0
Faride Alidou,GER,"FW,MF",Hellas Verona,Serie A,23-113,2001,0.8,0,0,0,0,0,0,0,,0,1,0,1,1,1,3,1
Alisson,BRA,GK,Liverpool,Premier League,32-037,1992,5.9,0,0,0,0,0,0,0,,0,0,0,0,0,0,2,0
Tadeo Allende,ARG,FW,Celta Vigo,La Liga,25-262,1999,0.0,0,0,0,0,0,0,0,,0,0,0,0,0,0,0,0
Jim Allevinah,GAB,FW,Angers,Ligue 1,29-255,1995,5.0,5,3,3,0,2,1,7,14.3,6,2,0,2,3,8,7,0
Domingos André Ribeiro Almeida,POR,"FW,MF",Valencia,La Liga,24-162,2000,5.0,13,7,5,5,3,5,8,62.5,3,6,1,5,3,16,2,0
Iker Almena,ESP,"FW,DF",Girona,La Liga,20-188,2004,0.5,0,0,0,0,0,0,1,0.0,1,1,0,1,0,0,2,0
Miguel Almirón,PAR,FW,Newcastle Utd,Premier League,30-272,1994,1.2,1,1,1,0,0,1,1,100.0,0,0,0,0,0,1,0,0
Pontus Almqvist,SWE,"FW,MF",Parma,Serie A,25-121,1999,3.6,7,5,4,2,1,3,5,60.0,2,3,0,3,6,13,1,0
Marcos Alonso,ESP,"DF,MF",Celta Vigo,La Liga,33-316,1990,7.1,11,7,7,2,2,8,11,72.7,3,4,2,2,7,18,30,1
Giorgio Altare,ITA,DF,Venezia,Serie A,26-091,1998,3.8,5,4,4,1,0,1,7,14.3,6,5,3,2,8,13,18,0
Adrià Altimira,ESP,"DF,FW",Leganés,La Liga,23-225,2001,4.8,11,5,4,5,2,7,13,53.8,6,5,2,3,7,18,9,1
Sergi Altimira,ESP,MF,Betis,La Liga,23-075,2001,6.2,13,7,4,7,2,7,13,53.8,6,7,1,6,3,16,9,0
Edson Álvarez,MEX,"MF,DF",West Ham,Premier League,27-015,1997,4.5,11,7,7,3,1,6,7,85.7,1,7,2,5,8,19,8,0
Hugo Álvarez,ESP,"MF,DF",Celta Vigo,La Liga,21-129,2003,9.7,14,5,8,5,1,6,10,60.0,4,9,1,8,6,20,18,1
Julián Álvarez,ARG,"FW,MF",Atlético Madrid,La Liga,24-282,2000,7.8,3,1,1,0,2,1,5,20.0,4,7,0,7,0,3,3,0
Yeray Álvarez,ESP,DF,Athletic Club,La Liga,29-289,1995,5.0,7,5,4,2,1,3,5,60.0,2,3,1,2,12,19,18,1
Skelly Alvero,FRA,MF,Werder Bremen,Bundesliga,22-188,2002,1.1,3,3,3,0,0,1,1,100.0,0,4,0,4,2,5,5,0
Selim Amallah,MAR,"MF,FW",Valladolid,La Liga,27-359,1996,7.4,12,7,4,7,1,0,6,0.0,6,12,0,12,7,19,2,1
Amath,SEN,"FW,DF",Valladolid,La Liga,28-115,1996,3.3,1,0,1,0,0,1,5,20.0,4,5,1,4,2,3,2,0
Jordan Amavi,FRA,DF,Brest,Ligue 1,30-244,1994,6.3,21,15,9,9,3,13,19,68.4,6,7,2,5,7,28,11,0
Aurele Amenda,SUI,DF,Eint Frankfurt,Bundesliga,21-100,2003,0.8,0,0,0,0,0,0,0,,0,2,2,0,1,1,4,0
Kelvin Amian,FRA,DF,Nantes,Ligue 1,26-274,1998,6.4,22,12,20,2,0,12,14,85.7,2,6,2,4,1,23,13,0
Michael Amir Murillo,PAN,DF,Marseille,Ligue 1,28-271,1996,8.7,22,15,13,6,3,14,22,63.6,8,4,3,1,8,30,22,0
Nadiem Amiri,GER,MF,Mainz 05,Bundesliga,28-012,1996,7.1,8,1,3,5,0,1,14,7.1,13,6,2,4,5,13,13,0
Samuel Amo-Ameyaw,ENG,DF,Southampton,Premier League,18-113,2006,0.1,0,0,0,0,0,0,0,,0,0,0,0,0,0,0,0
Mathis Amougou,FRA,MF,Saint-Étienne,Ligue 1,18-295,2006,7.0,11,6,7,4,0,4,9,44.4,5,4,0,4,11,22,2,0
Mohamed Amoura,ALG,FW,Wolfsburg,Bundesliga,24-183,2000,6.4,5,3,1,0,4,2,4,50.0,2,7,0,7,2,7,2,0
Sofyan Amrabat,MAR,MF,Fiorentina,Serie A,28-079,1996,2.0,3,2,1,2,0,2,2,100.0,0,1,1,0,0,3,2,0
Joachim Andersen,DEN,DF,Crystal Palace,Premier League,28-161,1996,1.0,1,1,1,0,0,1,2,50.0,1,0,0,0,0,1,7,0
Joachim Andersen,DEN,DF,Fulham,Premier League,28-161,1996,5.7,5,3,5,0,0,3,6,50.0,3,6,4,2,10,15,37,0
Elliot Anderson,ENG,"MF,FW",Nott'ham Forest,Premier League,22-002,2002,6.6,18,14,9,5,4,10,18,55.6,8,18,4,14,4,22,13,1
André,BRA,MF,Wolves,Premier League,23-115,2001,4.0,10,5,6,2,2,7,8,87.5,1,12,3,9,2,12,6,0
Benjamin André,FRA,MF,Lille,Ligue 1,34-097,1990,7.9,25,10,11,12,2,16,26,61.5,10,10,1,9,10,35,15,0
Marcos André,BRA,FW,Valladolid,La Liga,28-019,1996,2.9,0,0,0,0,0,0,3,0.0,3,3,1,2,1,1,2,0
Robert Andrich,GER,"MF,DF",Leverkusen,Bundesliga,30-047,1994,6.5,13,7,5,8,0,4,8,50.0,4,4,1,3,8,21,9,0
Angeliño,ESP,DF,Roma,Serie A,27-309,1997,10.0,17,6,6,9,2,5,8,62.5,3,8,3,5,9,26,28,0
Lorenzo Anghelè,ITA,FW,Juventus,Serie A,19-256,2005,0.1,0,0,0,0,0,0,0,,0,0,0,0,0,0,0,0
Faustino Anjorin,ENG,MF,Empoli,Serie A,22-351,2001,4.8,13,5,3,8,2,1,7,14.3,6,7,1,6,4,17,9,0
Waldemar Anton,GER,DF,Dortmund,Bundesliga,28-111,1996,7.5,12,9,7,4,1,4,6,66.7,2,12,8,4,7,19,26,1
Michail Antonio,JAM,FW,West Ham,Premier League,34-225,1990,6.7,0,0,0,0,0,0,1,0.0,1,4,0,4,0,0,1,0
Antoniu,ESP,"MF,DF",Espanyol,La Liga,22-064,2002,0.7,3,0,1,1,1,1,1,100.0,0,0,0,0,1,4,2,1
Antony,BRA,FW,Manchester Utd,Premier League,24-258,2000,0.3,2,0,2,0,0,1,3,33.3,2,1,0,1,1,3,0,0
Anuar,MAR,"FW,MF",Valladolid,La Liga,29-298,1995,2.8,4,3,2,2,0,0,2,0.0,2,4,1,3,3,7,3,0
Dennis Appiah,FRA,DF,Saint-Étienne,Ligue 1,32-152,1992,7.2,18,16,10,8,0,12,25,48.0,13,9,4,5,6,24,21,0
Aritz Arambarri,ESP,DF,Leganés,La Liga,26-282,1998,2.0,1,1,1,0,0,1,1,100.0,0,2,2,0,3,4,8,0
Mauro Arambarri,URU,MF,Getafe,La Liga,29-039,1995,8.2,9,4,1,6,2,4,9,44.4,5,7,1,6,3,12,12,0
Jon Aramburu,VEN,DF,Real Sociedad,La Liga,22-108,2002,7.7,33,25,18,10,5,22,30,73.3,8,14,3,11,5,38,30,0
Julian Araujo,MEX,DF,Bournemouth,Premier League,23-087,2001,3.9,7,3,3,4,0,4,10,40.0,6,3,0,3,4,11,12,0
Cameron Archer,ENG,FW,Southampton,Premier League,23-110,2001,5.8,6,4,3,1,2,1,3,33.3,2,4,1,3,1,7,1,0
Carlens Arcus,HAI,DF,Angers,Ligue 1,28-133,1996,8.2,20,11,12,7,1,12,23,52.2,11,12,2,10,16,36,19,1
Alphonse Areola,FRA,GK,West Ham,Premier League,31-255,1993,7.5,1,1,1,0,0,1,2,50.0,1,0,0,0,0,1,5,0
Adu Ares,ESP,FW,Athletic Club,La Liga,23-027,2001,0.2,0,0,0,0,0,0,1,0.0,1,0,0,0,0,0,0,0
Jesús Areso,ESP,DF,Osasuna,La Liga,25-129,1999,10.8,15,13,10,3,2,12,20,60.0,8,11,2,9,4,19,30,0
David Argüelles,ESP,MF,Getafe,La Liga,22-312,2002,0.1,0,0,0,0,0,0,0,,0,2,0,2,0,0,0,0
Joe Aribo,NGA,MF,Southampton,Premier League,28-110,1996,5.9,8,5,2,3,3,2,4,50.0,2,5,3,2,6,14,9,1
Adam Armstrong,ENG,"FW,MF",Southampton,Premier League,27-272,1997,4.1,3,1,1,1,1,1,5,20.0,4,1,0,1,2,5,1,0
Harrison Armstrong,ENG,MF,Everton,Premier League,17-294,2007,0.0,0,0,0,0,0,0,1,0.0,1,0,0,0,0,0,0,0
José Arnaiz,ESP,FW,Osasuna,La Liga,29-207,1995,0.2,1,1,1,0,0,0,0,,0,0,0,0,0,1,0,0
Hákon Arnar Haraldsson,ISL,MF,Lille,Ligue 1,21-212,2003,1.9,5,2,2,2,1,3,7,42.9,4,0,0,0,1,6,0,0
Marko Arnautović,AUT,FW,Inter,Serie A,35-203,1989,0.4,2,2,1,1,0,1,1,100.0,0,0,0,0,0,2,1,0
Maximilian Arnold,GER,MF,Wolfsburg,Bundesliga,30-165,1994,7.4,12,8,3,7,2,5,11,45.5,6,6,4,2,6,18,17,0
Jann-Fiete Arp,GER,FW,Holstein Kiel,Bundesliga,24-307,2000,3.1,5,4,3,1,1,1,5,20.0,4,2,0,2,0,5,0,0
Kepa Arrizabalaga,ESP,GK,Bournemouth,Premier League,30-036,1994,5.0,0,0,0,0,0,0,1,0.0,1,0,0,0,0,0,3,2
Arthur,BRA,DF,Leverkusen,Bundesliga,21-236,2003,0.1,0,0,0,0,0,0,0,,0,0,0,0,1,1,1,0
Takuma Asano,JPN,FW,Mallorca,La Liga,29-364,1994,3.5,5,3,1,3,1,2,3,66.7,1,3,0,3,2,7,4,0
Marco Asensio,ESP,"FW,MF",Paris S-G,Ligue 1,28-292,1996,4.6,1,1,0,1,0,0,4,0.0,4,1,0,1,0,1,0,0
Kristjan Asllani,ALB,MF,Inter,Serie A,22-244,2002,1.6,4,0,3,1,0,2,6,33.3,4,3,1,2,1,5,3,0
Iago Aspas,ESP,"FW,MF",Celta Vigo,La Liga,37-099,1987,9.0,8,4,3,3,2,6,13,46.2,7,9,1,8,3,11,4,0
Yaser Asprilla,COL,"FW,MF",Girona,La Liga,20-355,2003,3.8,8,4,4,3,1,3,7,42.9,4,0,0,0,3,11,4,0
Lorenz Assignon,TOG,"DF,MF",Rennes,Ligue 1,24-139,2000,5.1,7,4,3,4,0,4,10,40.0,6,6,3,3,7,14,23,0
Dehmaine Assoumani,FRA,"MF,FW",Nantes,Ligue 1,19-205,2005,0.4,4,1,0,2,2,2,2,100.0,0,0,0,0,0,4,1,0
Valentin Atangana Edoa,FRA,MF,Reims,Ligue 1,19-075,2005,9.5,19,14,9,9,1,8,11,72.7,3,7,3,4,14,33,16,0
Arthur Atta,FRA,MF,Udinese,Serie A,21-299,2003,0.3,2,2,0,1,1,0,0,,0,0,0,0,0,2,0,0
Noah Atubolu,GER,GK,Freiburg,Bundesliga,22-167,2002,7.0,0,0,0,0,0,0,0,,0,0,0,0,0,0,4,2
Emil Audero,ITA,GK,Como,Serie A,27-295,1997,7.0,0,0,0,0,0,0,1,0.0,1,0,0,0,0,0,3,1
Tommaso Augello,ITA,DF,Cagliari,Serie A,30-070,1994,8.2,15,8,7,5,3,10,12,83.3,2,10,4,6,8,23,36,0
Carlos Augusto,BRA,DF,Inter,Serie A,25-306,1999,2.1,3,2,2,1,0,2,4,50.0,2,1,1,0,1,4,6,0
Yann Aurel Bisseck,GER,DF,Inter,Serie A,23-345,2000,4.3,4,3,4,0,0,2,3,66.7,1,3,1,2,3,7,15,1
Ezequiel Ávila,ARG,FW,Betis,La Liga,30-276,1994,4.2,4,2,1,1,2,1,3,33.3,2,4,0,4,1,5,3,0
Taiwo Awoniyi,NGA,FW,Nott'ham Forest,Premier League,27-088,1997,1.2,1,0,0,1,0,1,1,100.0,0,1,0,1,0,1,2,0
Yasin Ayari,SWE,MF,Brighton,Premier League,21-033,2003,5.0,20,10,3,12,5,7,14,50.0,7,5,1,4,6,26,6,0
Florian Ayé,FRA,FW,Auxerre,Ligue 1,27-294,1997,3.3,1,1,0,0,1,0,1,0.0,1,3,0,3,3,4,5,0
André Ayew,GHA,FW,Le Havre,Ligue 1,34-327,1989,2.3,1,1,0,0,1,1,2,50.0,1,1,0,1,1,2,4,0
Jordan Ayew,GHA,"FW,MF",Crystal Palace,Premier League,33-058,1991,0.2,1,0,0,0,1,0,0,,0,0,0,0,0,1,0,0
Jordan Ayew,GHA,"FW,MF",Leicester City,Premier League,33-058,1991,4.6,9,4,3,5,1,2,5,40.0,3,4,0,4,3,12,1,0
Neil El Aynaoui,FRA,MF,Lens,Ligue 1,23-129,2001,0.5,1,1,0,1,0,0,2,0.0,2,2,2,0,1,2,1,0
Ayman Azhil,MAR,MF,Dortmund,Bundesliga,23-212,2001,0.3,1,1,1,0,0,0,0,,0,0,0,0,0,1,0,0
Adam Aznou,MAR,DF,Bayern Munich,Bundesliga,18-159,2006,0.1,0,0,0,0,0,0,0,,0,0,0,0,0,0,0,0
César Azpilicueta,ESP,DF,Atlético Madrid,La Liga,35-072,1989,4.3,8,3,4,4,0,8,12,66.7,4,2,1,1,1,9,11,0
Paulo Azzi,BRA,DF,Cagliari,Serie A,30-116,1994,4.7,11,9,3,6,2,5,9,55.6,4,5,2,3,5,16,11,0
Papa Ba,ESP,MF,Girona,La Liga,20-057,2004,0.5,1,1,1,0,0,0,0,,0,1,0,1,0,1,1,0
Shavy Babicka,GAB,"MF,FW",Toulouse,Ligue 1,24-160,2000,4.2,8,7,3,3,2,4,5,80.0,1,8,0,8,0,8,1,1
Aliou Badara Baldé,GUI,"MF,FW",Bochum,Bundesliga,21-332,2002,1.0,1,1,1,0,0,0,0,,0,2,0,2,0,1,0,0
Loïc Bade,FRA,DF,Sevilla,La Liga,24-211,2000,8.2,19,11,16,3,0,8,10,80.0,2,6,3,3,9,28,45,1
Milan Badelj,CRO,MF,Genoa,Serie A,35-257,1989,7.5,10,4,6,4,0,5,16,31.3,11,8,3,5,8,18,14,0
Benoît Badiashile,FRA,DF,Chelsea,Premier League,23-227,2001,0.4,1,1,0,1,0,0,0,,0,0,0,0,1,2,2,0
Alex Baena,ESP,"MF,FW",Villarreal,La Liga,23-111,2001,8.2,4,3,1,2,1,1,8,12.5,7,11,1,10,7,11,6,1
Leon Bailey,JAM,"FW,MF",Aston Villa,Premier League,27-091,1997,4.9,2,0,0,1,1,0,1,0.0,1,2,0,2,1,3,6,0
Eric Bailly,CIV,DF,Villarreal,La Liga,30-210,1994,5.9,9,2,5,4,0,2,3,66.7,1,11,6,5,6,15,24,0
Theo Bair,CAN,FW,Auxerre,Ligue 1,25-073,1999,3.5,2,1,0,1,1,0,0,,0,4,1,3,0,2,3,0
Cédric Bakambu,COD,FW,Betis,La Liga,33-211,1991,2.4,1,0,0,1,0,0,1,0.0,1,3,0,3,0,1,1,0
Mitchel Bakker,NED,MF,Atalanta,Serie A,24-141,2000,0.2,1,0,1,0,0,1,1,100.0,0,0,0,0,0,1,0,0
Mitchel Bakker,NED,"DF,FW",Lille,Ligue 1,24-141,2000,1.3,6,5,1,2,3,2,2,100.0,0,0,0,0,6,12,3,0
Ridle Baku,GER,"FW,MF",Wolfsburg,Bundesliga,26-214,1998,7.0,9,5,2,4,3,3,10,30.0,7,14,1,13,8,17,7,0
Dilane Bakwa,FRA,"DF,FW",Strasbourg,Ligue 1,22-074,2002,9.6,10,6,6,1,3,4,7,57.1,3,10,0,10,4,14,11,0
Tommaso Baldanzi,ITA,"MF,DF",Roma,Serie A,21-230,2003,3.5,5,1,3,1,1,0,3,0.0,3,2,0,2,4,9,2,0
Alejandro Balde,ESP,DF,Barcelona,La Liga,21-021,2003,9.1,5,4,2,2,1,3,4,75.0,1,4,2,2,4,9,10,0
Carlos Baleba,CMR,MF,Brighton,Premier League,20-310,2004,6.4,19,10,2,11,6,11,18,61.1,7,10,3,7,14,33,2,0
Leonardo Balerdi,ARG,DF,Marseille,Ligue 1,25-287,1999,6.0,12,9,9,2,1,7,12,58.3,5,11,8,3,8,20,13,2
Iván Balliu,ALB,DF,Rayo Vallecano,La Liga,32-312,1992,6.6,10,8,2,5,3,3,10,30.0,7,4,1,3,6,16,18,0
Botond Balogh,HUN,DF,Parma,Serie A,22-155,2002,10.4,18,7,13,5,0,10,12,83.3,2,20,15,5,11,29,62,1
Folarin Balogun,USA,FW,Monaco,Ligue 1,23-128,2001,4.5,0,0,0,0,0,0,2,0.0,2,0,0,0,0,0,0,0
Mario Balotelli,ITA,FW,Genoa,Serie A,34-088,1990,0.3,0,0,0,0,0,0,0,,0,0,0,0,0,0,1,0
Abdoulaye Bamba,CIV,DF,Angers,Ligue 1,34-197,1990,2.8,5,2,4,1,0,2,3,66.7,1,2,2,0,5,10,12,0
Jonathan Bamba,CIV,FW,Celta Vigo,La Liga,28-227,1996,5.3,7,3,1,4,2,3,8,37.5,5,5,0,5,4,11,4,0
Mohamed Bamba,CIV,MF,Reims,Ligue 1,20-031,2004,0.0,0,0,0,0,0,0,0,,0,1,0,1,0,0,0,0
Samuel Bamba,GER,"FW,MF",Bochum,Bundesliga,20-269,2004,0.1,0,0,0,0,0,0,0,,0,0,0,0,0,0,0,0
Lameck Banda,ZAM,"FW,MF",Lecce,Serie A,23-284,2001,5.3,5,4,4,1,0,3,10,30.0,7,6,0,6,1,6,6,0
Daniel Bandeira,POR,MF,Hellas Verona,Serie A,24-211,2000,3.3,4,0,1,3,0,3,5,60.0,2,2,1,1,6,10,8,0
Mattia Bani,ITA,DF,Genoa,Serie A,30-334,1993,4.0,2,1,2,0,0,1,1,100.0,0,3,2,1,8,10,12,0
Scott Banks,SCO,"FW,MF",St. Pauli,Bundesliga,23-043,2001,0.6,0,0,0,0,0,0,2,0.0,2,0,0,0,1,1,2,0
Antonín Barák,CZE,MF,Fiorentina,Serie A,29-341,1994,0.6,2,0,0,2,0,0,2,0.0,2,1,1,0,0,2,0,0
Federico Barba,ITA,DF,Como,Serie A,31-068,1993,2.7,1,1,0,1,0,0,2,0.0,2,2,2,0,3,4,10,0
Valentín Barco,ARG,"DF,FW",Sevilla,La Liga,20-108,2004,3.1,15,9,8,3,4,12,15,80.0,3,0,0,0,2,17,5,0
Bradley Barcola,FRA,FW,Paris S-G,Ligue 1,22-067,2002,7.8,10,5,5,3,2,1,10,10.0,9,9,0,9,4,14,2,0
Melvin Bard,FRA,"MF,DF",Nice,Ligue 1,24-002,2000,4.7,13,7,9,4,0,6,10,60.0,4,7,2,5,4,17,9,1
Nicolò Barella,ITA,MF,Inter,Serie A,27-275,1997,7.2,10,6,4,5,1,2,11,18.2,9,6,0,6,2,12,2,0
Gabriel Bares,SUI,MF,Montpellier,Ligue 1,24-071,2000,0.4,2,2,2,0,0,1,2,50.0,1,0,0,0,1,3,1,0
Ross Barkley,ENG,MF,Aston Villa,Premier League,30-339,1993,3.1,6,2,3,3,0,5,7,71.4,2,4,2,2,3,9,3,0
Aymen Barkok,MAR,MF,Mainz 05,Bundesliga,26-171,1998,0.8,2,1,1,1,0,1,1,100.0,0,1,1,0,2,4,0,0
Harvey Barnes,ENG,FW,Newcastle Utd,Premier League,26-335,1997,5.4,6,4,3,2,1,2,2,100.0,0,2,0,2,4,10,4,0
Enzo Barrenechea,ARG,MF,Valencia,La Liga,23-170,2001,3.8,6,1,4,2,0,3,6,50.0,3,5,1,4,4,10,7,0
Ander Barrenetxea,ESP,MF,Real Sociedad,La Liga,22-317,2001,4.5,8,7,1,5,2,1,7,14.3,6,5,0,5,5,13,9,0
Pablo Barrios,ESP,MF,Atlético Madrid,La Liga,21-146,2003,6.0,13,7,6,7,0,5,12,41.7,7,3,1,2,10,23,7,2
Thierno Barry,FRA,FW,Villarreal,La Liga,22-018,2002,7.7,1,0,0,1,0,1,3,33.3,2,4,0,4,0,1,4,0
Davide Bartesaghi,ITA,DF,Milan,Serie A,18-315,2005,0.1,0,0,0,0,0,0,0,,0,0,0,0,0,0,0,0
Marc Bartra,ESP,DF,Betis,La Liga,33-298,1991,4.9,4,3,4,0,0,2,3,66.7,1,8,5,3,5,9,27,0
Federico Baschirotto,ITA,DF,Lecce,Serie A,28-049,1996,11.0,12,9,10,2,0,8,10,80.0,2,18,15,3,11,23,43,0
Daniele Baselli,ITA,MF,Como,Serie A,32-241,1992,0.2,0,0,0,0,0,0,0,,0,0,0,0,1,1,1,0
Calvin Bassey,NGA,DF,Fulham,Premier League,24-313,1999,10.0,11,8,8,3,0,2,4,50.0,2,17,10,7,4,15,33,1
Aboubacar Bassinga,CIV,MF,Las Palmas,La Liga,19-118,2005,0.0,0,0,0,0,0,0,0,,0,0,0,0,0,0,0,0
Alessandro Bastoni,ITA,DF,Inter,Serie A,25-209,1999,8.5,12,7,5,6,1,6,10,60.0,4,5,2,3,9,21,11,1
Augusto Batalla,ARG,GK,Rayo Vallecano,La Liga,28-192,1996,7.0,0,0,0,0,0,0,1,0.0,1,0,0,0,0,0,3,1
Dylan Batubinsika,COD,DF,Saint-Étienne,Ligue 1,28-267,1996,8.6,12,6,10,2,0,5,7,71.4,2,10,4,6,22,34,42,1
Maximilian Bauer,GER,DF,Augsburg,Bundesliga,24-273,2000,4.9,11,6,4,6,1,7,11,63.6,4,8,2,6,5,16,26,1
Oliver Baumann,GER,GK,Hoffenheim,Bundesliga,34-159,1990,9.0,0,0,0,0,0,0,1,0.0,1,0,0,0,0,0,5,0
Christoph Baumgartner,AUT,MF,RB Leipzig,Bundesliga,25-099,1999,3.2,7,5,2,5,0,4,12,33.3,8,7,2,5,2,9,3,0
Rafael Bauza,ESP,MF,Espanyol,La Liga,19-283,2005,0.7,3,2,2,1,0,2,3,66.7,1,1,0,1,0,3,2,0
Adrian Beck,GER,"FW,MF",Heidenheim,Bundesliga,27-152,1997,3.4,12,5,8,4,0,3,10,30.0,7,13,0,13,4,16,8,0
Sheraldo Becker,SUR,"FW,MF",Real Sociedad,La Liga,29-273,1995,6.0,1,1,0,1,0,0,2,0.0,2,3,0,3,1,2,8,0
Timo Becker,GER,DF,Holstein Kiel,Bundesliga,27-228,1997,8.5,16,9,12,4,0,11,16,68.8,5,9,6,3,5,21,23,0
Jan Bednarek,POL,DF,Southampton,Premier League,28-210,1996,9.9,8,4,6,2,0,3,9,33.3,6,16,14,2,15,23,56,1
Donny van de Beek,NED,MF,Girona,La Liga,27-204,1997,5.0,8,3,4,2,2,3,8,37.5,5,7,1,6,3,11,7,0
Kevin Behrens,GER,FW,Wolfsburg,Bundesliga,33-279,1991,0.9,1,1,0,1,0,0,1,0.0,1,0,0,0,0,1,1,0
Maximilian Beier,GER,"FW,MF",Dortmund,Bundesliga,22-022,2002,4.0,5,2,1,3,1,3,5,60.0,2,7,0,7,2,7,3,0
Reda Belahyane,MAR,MF,Hellas Verona,Serie A,20-160,2004,9.7,18,14,6,8,4,7,7,100.0,0,9,4,5,5,23,9,0
Haris Belkebla,ALG,MF,Angers,Ligue 1,30-285,1994,5.0,9,7,7,2,0,3,8,37.5,5,7,1,6,5,14,11,1
Yassin Belkhdim,FRA,MF,Angers,Ligue 1,22-268,2002,5.0,24,12,12,8,4,10,19,52.6,9,7,2,5,7,31,10,0
Stefan Bell,GER,DF,Mainz 05,Bundesliga,33-076,1991,2.8,5,2,3,2,0,1,3,33.3,2,4,4,0,10,15,22,0
Raoul Bellanova,ITA,DF,Torino,Serie A,24-175,2000,1.0,0,0,0,0,0,0,1,0.0,1,0,0,0,0,0,4,0
Raoul Bellanova,ITA,DF,Atalanta,Serie A,24-175,2000,6.3,6,4,1,4,1,3,4,75.0,1,4,1,3,6,12,6,0
Jean-Ricner Bellegarde,FRA,"MF,FW",Wolves,Premier League,26-134,1998,4.8,6,4,2,2,2,2,3,66.7,1,6,1,5,4,10,4,0
Héctor Bellerín,ESP,DF,Betis,La Liga,29-234,1995,5.8,12,7,6,4,2,9,16,56.3,7,4,3,1,6,18,18,0
Jude Bellingham,ENG,MF,Real Madrid,La Liga,21-132,2003,6.9,19,10,9,6,4,9,12,75.0,3,12,1,11,10,29,4,0
Jeanuël Belocian,FRA,DF,Leverkusen,Bundesliga,19-265,2005,0.5,1,1,1,0,0,1,1,100.0,0,0,0,0,0,1,2,0
Andrea Belotti,ITA,FW,Como,Serie A,30-324,1993,3.3,5,4,1,3,1,0,2,0.0,2,2,0,2,1,6,4,0
Fran Beltrán,ESP,MF,Celta Vigo,La Liga,25-279,1999,7.4,13,7,7,5,1,6,15,40.0,9,11,4,7,4,17,10,1
Lucas Beltrán,ARG,"MF,FW",Fiorentina,Serie A,23-224,2001,4.4,5,3,1,3,1,0,1,0.0,1,5,1,4,1,6,1,0
Eliesse Ben Seghir,MAR,"FW,MF",Monaco,Ligue 1,19-266,2005,6.7,17,13,5,8,4,10,15,66.7,5,10,0,10,2,19,1,0
Carlos Benavídez,URU,MF,Alavés,La Liga,26-223,1998,2.6,5,3,2,2,1,0,3,0.0,3,1,1,0,5,10,3,1
Adrian Benedyczak,POL,FW,Parma,Serie A,23-350,2000,0.1,0,0,0,0,0,0,0,,0,0,0,0,0,0,0,0
László Bénes,SVK,"MF,FW",Union Berlin,Bundesliga,27-060,1997,1.8,1,1,0,1,0,0,1,0.0,1,1,1,0,0,1,1,0
Iker Benito,ESP,"FW,MF",Osasuna,La Liga,22-090,2002,0.4,0,0,0,0,0,0,1,0.0,1,0,0,0,1,1,2,0
Ismaël Bennacer,ALG,MF,Milan,Serie A,26-343,1997,0.6,1,1,0,1,0,0,0,,0,0,0,0,0,1,0,0
Saïd Benrahma,ALG,"FW,MF",Lyon,Ligue 1,29-090,1995,4.9,5,3,2,2,1,2,6,33.3,4,4,0,4,1,6,0,0
Ramy Bensebaini,ALG,DF,Dortmund,Bundesliga,29-206,1995,5.0,9,3,6,2,1,3,8,37.5,5,14,2,12,6,15,8,1
Rodrigo Bentancur,URU,MF,Tottenham,Premier League,27-136,1997,5.0,12,6,6,5,1,9,13,69.2,4,5,0,5,13,25,5,0
Lucas Beraldo,BRA,DF,Paris S-G,Ligue 1,20-350,2003,6.4,13,12,10,3,0,8,16,50.0,8,5,1,4,6,19,10,1
Yuri Berchiche,ESP,DF,Athletic Club,La Liga,34-272,1990,8.1,14,8,10,3,1,8,14,57.1,6,9,2,7,8,22,22,1
Álex Berenguer,ESP,"FW,MF",Athletic Club,La Liga,29-127,1995,7.1,7,3,2,3,2,5,8,62.5,3,5,2,3,4,11,3,0
Sander Berge,NOR,MF,Fulham,Premier League,26-268,1998,4.8,13,7,6,5,2,4,7,57.1,3,9,4,5,10,23,5,0
Lucas Bergvall,SWE,"MF,FW",Tottenham,Premier League,18-280,2006,0.6,5,2,0,3,2,5,7,71.4,2,0,0,0,0,5,0,0
Medon Berisha,ALB,"MF,FW",Lecce,Serie A,21-018,2003,0.9,2,1,1,1,0,1,1,100.0,0,0,0,0,0,2,0,0
Mergim Berisha,GER,FW,Hoffenheim,Bundesliga,26-181,1998,3.0,1,1,1,0,0,0,3,0.0,3,1,0,1,0,1,3,0
Adrian Bernabe,ESP,MF,Parma,Serie A,23-166,2001,10.0,21,13,14,6,1,12,26,46.2,14,18,9,9,6,27,16,0
Marc Bernal,ESP,MF,Barcelona,La Liga,17-166,2007,2.7,8,6,2,5,1,7,8,87.5,1,5,1,4,1,9,4,0
Juan Bernat,ESP,"DF,MF",Villarreal,La Liga,31-252,1993,0.3,2,1,1,0,1,1,2,50.0,1,2,0,2,0,2,0,0
Alexander Bernhardsson,SWE,"DF,FW",Holstein Kiel,Bundesliga,26-061,1998,2.1,1,1,0,0,1,1,2,50.0,1,2,0,2,0,1,2,0
Victor Bernth Kristiansen,DEN,DF,Leicester City,Premier League,21-328,2002,8.5,29,22,20,8,1,14,22,63.6,8,16,6,10,12,41,24,0
Matúš Bero,SVK,MF,Bochum,Bundesliga,29-063,1995,6.2,11,6,5,2,4,5,16,31.3,11,14,2,12,2,13,6,1
Juan Berrocal,ESP,DF,Getafe,La Liga,25-188,1999,5.3,9,3,7,2,0,7,9,77.8,2,0,0,0,7,16,29,0
Dimitry Bertaud,COD,GK,Montpellier,Ligue 1,26-155,1998,3.0,0,0,0,0,0,0,0,,0,0,0,0,0,0,2,0
Beto,GNB,FW,Everton,Premier League,26-282,1998,1.0,1,0,0,0,1,0,1,0.0,1,1,0,1,0,1,0,0
Sam Beukema,NED,DF,Bologna,Serie A,25-357,1998,9.5,12,5,5,6,1,3,9,33.3,6,9,6,3,6,18,23,0
Alessandro Bianco,ITA,MF,Monza,Serie A,22-038,2002,5.4,14,9,6,7,1,8,9,88.9,1,4,0,4,4,18,8,2
Alessandro Bianco,ITA,MF,Fiorentina,Serie A,22-038,2002,0.2,0,0,0,0,0,0,1,0.0,1,0,0,0,0,0,0,0
Jaka Bijol,SVN,DF,Udinese,Serie A,25-277,1999,11.0,18,11,13,5,0,11,18,61.1,7,14,7,7,12,30,48,1
El Bilal Touré,MLI,"FW,MF",Stuttgart,Bundesliga,23-036,2001,3.2,3,1,1,1,1,3,3,100.0,0,1,0,1,0,3,1,0
Philip Billing,DEN,MF,Bournemouth,Premier League,28-150,1996,0.3,1,0,1,0,0,0,0,,0,0,0,0,1,2,0,0
Cristiano Biraghi,ITA,DF,Fiorentina,Serie A,32-068,1992,4.8,4,4,1,3,0,2,7,28.6,5,2,0,2,4,8,11,0
Samuele Birindelli,ITA,DF,Monza,Serie A,25-112,1999,1.9,4,4,2,2,0,1,1,100.0,0,2,1,1,0,4,2,0
Tom Bischof,GER,MF,Hoffenheim,Bundesliga,19-133,2005,5.7,27,12,10,16,1,8,17,47.1,9,12,3,9,7,34,13,0
Yves Bissouma,MLI,MF,Tottenham,Premier League,28-070,1996,4.4,12,9,5,6,1,8,13,61.5,5,4,1,3,5,17,13,0
Leonardo Bittencourt,GER,MF,Werder Bremen,Bundesliga,30-325,1993,3.0,1,0,0,1,0,1,4,25.0,3,4,0,4,4,5,4,0
Emmanuel Biumla,FRA,DF,Angers,Ligue 1,19-184,2005,7.1,13,6,9,4,0,8,13,61.5,5,10,4,6,6,19,33,0
Marco Bizot,NED,GK,Brest,Ligue 1,33-243,1991,10.0,1,1,1,0,0,0,0,,0,0,0,0,0,1,9,0
Antonio Blanco,ESP,MF,Alavés,La Liga,24-108,2000,7.5,18,10,6,12,0,10,20,50.0,10,9,3,6,13,31,9,0
Ludovic Blas,FRA,"MF,FW",Rennes,Ligue 1,26-313,1997,9.6,7,6,2,3,2,6,13,46.2,7,8,2,6,3,10,2,0
Daley Blind,NED,DF,Girona,La Liga,34-244,1990,8.9,16,8,7,8,1,10,12,83.3,2,12,4,8,13,29,24,1
Myron Boadu,NED,FW,Bochum,Bundesliga,23-299,2001,3.9,0,0,0,0,0,0,1,0.0,1,1,0,1,0,0,3,0
Augustine Boakye,GHA,"MF,FW",Saint-Étienne,Ligue 1,24-005,2000,2.2,3,1,1,2,0,2,6,33.3,4,0,0,0,3,6,2,0
Sacha Boey,FRA,DF,Bayern Munich,Bundesliga,24-056,2000,1.4,3,0,2,0,1,2,3,66.7,1,1,0,1,0,3,4,0
Jeremie Boga,CIV,"MF,FW",Nice,Ligue 1,27-310,1997,5.0,5,3,1,4,0,1,2,50.0,1,5,0,5,2,7,0,0
Lamare Bogarde,NED,DF,Aston Villa,Premier League,20-308,2004,1.9,8,4,2,5,1,5,9,55.6,4,1,0,1,1,9,4,0
Emil Bohinen,NOR,MF,Genoa,Serie A,25-241,1999,1.8,4,4,3,0,1,2,5,40.0,3,2,0,2,1,5,6,0
Adama Boiro,ESP,DF,Athletic Club,La Liga,22-139,2002,2.7,7,4,3,4,0,2,4,50.0,2,4,3,1,4,11,8,0
Willy Boly,CIV,DF,Nott'ham Forest,Premier League,33-279,1991,1.0,4,0,3,1,0,3,3,100.0,0,3,1,2,1,5,8,0
Moïse Bombito,CAN,DF,Nice,Ligue 1,24-223,2000,7.7,9,8,6,3,0,6,8,75.0,2,9,5,4,7,16,41,1
Warren Bondo,FRA,MF,Monza,Serie A,21-054,2003,8.9,16,10,11,4,1,7,12,58.3,5,10,3,7,4,20,3,2
Victor Boniface,NGA,FW,Leverkusen,Bundesliga,23-321,2000,7.2,4,3,0,3,1,2,2,100.0,0,1,0,1,0,4,4,0
Ange-Yoan Bonny,FRA,FW,Parma,Serie A,21-014,2003,9.0,10,6,1,7,2,1,5,20.0,4,4,0,4,0,10,4,0
Sebastiaan Bornauw,BEL,DF,Wolfsburg,Bundesliga,25-231,1999,7.0,7,4,2,4,1,2,6,33.3,4,13,12,1,9,16,26,0
Saïmon Bouabré,FRA,MF,Monaco,Ligue 1,18-160,2006,0.1,0,0,0,0,0,0,2,0.0,2,1,0,1,0,0,0,0
Ayyoub Bouaddi,FRA,MF,Lille,Ligue 1,17-037,2007,2.7,13,8,9,3,1,4,8,50.0,4,3,0,3,3,16,1,0
Badredine Bouanani,ALG,"FW,MF",Nice,Ligue 1,19-336,2004,2.9,0,0,0,0,0,0,2,0.0,2,3,0,3,3,3,0,0
Benjamin Bouchouari,MAR,MF,Saint-Étienne,Ligue 1,22-361,2001,2.4,6,5,2,1,3,4,12,33.3,8,2,0,2,2,8,3,1
Hicham Boudaoui,ALG,MF,Nice,Ligue 1,25-046,1999,7.0,26,13,14,8,4,11,20,55.0,9,10,3,7,7,33,10,0
Carlo Boukhalfa,MAR,MF,St. Pauli,Bundesliga,25-189,1999,4.6,8,2,2,5,1,1,4,25.0,3,5,1,4,4,12,5,1
Benjamin Bourigeaud,FRA,MF,Rennes,Ligue 1,30-299,1994,0.9,1,0,0,1,0,0,2,0.0,2,2,1,1,2,3,1,0
Edoardo Bove,ITA,"MF,FW",Fiorentina,Serie A,22-176,2002,7.3,16,11,7,7,2,12,23,52.2,11,9,0,9,4,20,6,0
Jarrod Bowen,ENG,"FW,MF",West Ham,Premier League,27-324,1996,9.7,15,8,6,3,6,4,13,30.8,9,7,1,6,3,18,12,0
Enzo Boyomo,CMR,DF,Osasuna,La Liga,23-032,2001,9.0,20,14,15,4,1,8,9,88.9,1,13,8,5,11,31,40,0
Enzo Boyomo,CMR,DF,Valladolid,La Liga,23-032,2001,3.0,6,2,4,2,0,3,3,100.0,0,4,3,1,1,7,7,0
Domagoj Bradarić,CRO,DF,Hellas Verona,Serie A,24-334,1999,3.7,5,3,4,0,1,2,5,40.0,3,2,1,1,2,7,7,0
Conor Bradley,NIR,DF,Liverpool,Premier League,21-122,2003,0.9,0,0,0,0,0,0,1,0.0,1,0,0,0,2,2,5,0
Bilal Brahimi,ALG,MF,Nice,Ligue 1,24-239,2000,0.8,0,0,0,0,0,0,0,,0,1,0,1,0,0,2,0
Julian Brandt,GER,MF,Dortmund,Bundesliga,28-190,1996,8.2,8,3,4,3,1,5,9,55.6,4,3,0,3,2,10,4,0
Jarrad Branthwaite,ENG,DF,Everton,Premier League,22-134,2002,1.1,2,2,1,1,0,0,0,,0,1,0,1,3,5,7,0
Darko Brašanac,SRB,MF,Leganés,La Liga,32-270,1992,7.0,9,3,2,4,3,3,4,75.0,1,9,6,3,4,13,20,0
Lilian Brassier,FRA,DF,Marseille,Ligue 1,25-006,1999,6.3,6,5,6,0,0,3,4,75.0,1,6,2,4,4,10,23,0
Matthias Braunöder,AUT,MF,Como,Serie A,22-226,2002,2.9,10,4,6,3,1,7,11,63.6,4,1,0,1,2,12,4,1
Iker Bravo,ESP,"FW,MF",Udinese,Serie A,19-300,2005,2.1,4,3,1,3,0,1,2,50.0,1,0,0,0,0,4,1,0
James Bree,ENG,DF,Southampton,Premier League,27-028,1997,0.2,0,0,0,0,0,0,0,,0,0,0,0,0,0,0,0
Tim Breithaupt,GER,MF,Augsburg,Bundesliga,22-275,2002,1.3,1,1,0,1,0,0,4,0.0,4,1,0,1,2,3,0,0
Gleison Bremer,BRA,DF,Juventus,Serie A,27-235,1997,6.0,15,7,9,5,1,4,5,80.0,1,15,11,4,6,21,16,0
Brenner,BRA,"MF,FW",Udinese,Serie A,24-297,2000,4.3,6,4,2,3,1,3,8,37.5,5,4,0,4,1,7,6,0
Ben Brereton,CHI,FW,Southampton,Premier League,25-204,1999,4.3,2,2,0,1,1,1,8,12.5,7,2,1,1,0,2,3,0
Marco Brescianini,ITA,MF,Atalanta,Serie A,24-293,2000,4.2,2,1,1,1,0,1,2,50.0,1,5,1,4,0,2,2,0
Maximilian Breunig,GER,"FW,MF",Heidenheim,Bundesliga,24-086,2000,2.9,4,3,1,2,1,3,4,75.0,1,5,2,3,1,5,3,0
David Brooks,WAL,"FW,MF",Bournemouth,Premier League,27-123,1997,0.4,1,1,0,1,0,1,1,100.0,0,1,1,0,0,1,1,0
Moritz Broschinski,GER,"FW,MF",Bochum,Bundesliga,24-046,2000,5.3,9,6,4,3,2,1,8,12.5,7,7,0,7,0,9,4,0
Nathaniel Brown,GER,DF,Eint Frankfurt,Bundesliga,21-145,2003,1.1,2,2,1,1,0,2,3,66.7,1,1,0,1,1,3,9,0
Jacob Bruun Larsen,DEN,"DF,FW",Hoffenheim,Bundesliga,26-050,1998,1.3,1,0,1,0,0,1,3,33.3,2,3,0,3,1,2,1,0
Ante Budimir,CRO,FW,Osasuna,La Liga,33-109,1991,9.5,7,2,1,6,0,1,3,33.3,2,8,1,7,1,8,6,0
Emi Buendía,ARG,"MF,FW",Aston Villa,Premier League,27-319,1996,0.3,2,2,1,1,0,0,2,0.0,2,2,0,2,0,2,0,0
Santiago Bueno,URU,DF,Wolves,Premier League,25-365,1998,3.9,8,5,4,4,0,6,8,75.0,2,10,7,3,4,12,16,0
Marius Bülter,GER,FW,Hoffenheim,Bundesliga,31-224,1993,7.2,6,6,1,4,1,6,8,75.0,2,2,1,1,1,7,4,0
Facundo Buonanotte,ARG,"MF,FW",Leicester City,Premier League,19-321,2004,7.1,21,8,6,8,7,9,27,33.3,18,16,4,12,4,25,7,0
Alessandro Buongiorno,ITA,DF,Napoli,Serie A,25-155,1999,10.0,20,13,14,6,0,15,16,93.8,1,18,11,7,14,34,25,0
Cameron Burgess,AUS,DF,Ipswich Town,Premier League,29-018,1995,3.0,2,2,2,0,0,0,0,,0,4,3,1,3,5,21,0
Jonathan Burkardt,GER,FW,Mainz 05,Bundesliga,24-120,2000,7.7,2,2,1,1,0,1,3,33.3,2,2,1,1,0,2,8,0
Oliver Burke,SCO,"MF,DF",Werder Bremen,Bundesliga,27-215,1997,0.3,1,1,1,0,0,0,0,,0,0,0,0,0,1,0,0
Dan Burn,ENG,DF,Newcastle Utd,Premier League,32-183,1992,10.0,9,4,7,2,0,6,12,50.0,6,8,6,2,8,17,43,1
Wes Burns,WAL,FW,Ipswich Town,Premier League,29-351,1994,4.5,5,5,0,4,1,2,5,40.0,3,3,0,3,3,8,4,2
Marnon Busch,GER,DF,Heidenheim,Bundesliga,29-336,1994,3.6,6,4,4,2,0,6,9,66.7,3,5,4,1,1,7,18,1
Gianluca Busio,USA,MF,Venezia,Serie A,22-164,2002,6.6,8,4,6,1,1,5,9,55.6,4,6,2,4,2,10,13,0
Aurélio Buta,POR,DF,Reims,Ligue 1,27-272,1997,6.4,16,8,11,4,1,10,17,58.8,7,1,0,1,7,23,16,0
Marcin Bułka,POL,GK,Nice,Ligue 1,25-035,1999,10.0,0,0,0,0,0,0,0,,0,0,0,0,0,0,5,2
Pau Cabanes,ESP,MF,Villarreal,La Liga,19-265,2005,0.2,0,0,0,0,0,0,0,,0,0,0,0,0,0,1,0
Rémy Cabella,FRA,"MF,FW",Lille,Ligue 1,34-245,1990,3.2,11,7,1,7,3,7,11,63.6,4,2,0,2,4,15,0,0
Leandro Cabrera,URU,DF,Espanyol,La Liga,33-144,1991,7.0,13,8,9,4,0,6,9,66.7,3,9,6,3,9,22,39,1
Liberato Cacace,NZL,"DF,MF",Empoli,Serie A,24-042,2000,2.2,2,2,1,1,0,1,3,33.3,2,5,2,3,0,2,11,0
Anthony Caci,FRA,DF,Mainz 05,Bundesliga,27-130,1997,8.1,9,5,3,4,2,4,9,44.4,5,9,2,7,7,16,19,1
Mathieu Cafaro,FRA,"MF,FW",Saint-Étienne,Ligue 1,27-228,1997,6.1,6,5,3,2,1,2,11,18.2,9,3,1,2,6,12,2,0
Moisés Caicedo,ECU,MF,Chelsea,Premier League,23-006,2001,9.8,35,22,15,17,3,22,33,66.7,11,13,3,10,17,52,14,0
Tom Cairney,SCO,MF,Fulham,Premier League,33-293,1991,1.3,3,1,1,0,2,1,2,50.0,1,1,0,1,2,5,0,0
Jens Cajuste,SWE,MF,Ipswich Town,Premier League,25-090,1999,2.0,4,2,0,3,1,2,2,100.0,0,4,1,3,2,6,4,0
Davide Calabria,ITA,DF,Milan,Serie A,27-338,1996,1.7,4,2,4,0,0,3,5,60.0,2,0,0,0,3,7,4,0
Riccardo Calafiori,ITA,DF,Arsenal,Premier League,22-173,2002,4.3,12,9,7,4,1,10,16,62.5,6,8,3,5,4,16,13,0
Luca Caldirola,ITA,DF,Monza,Serie A,33-281,1991,3.1,3,2,2,1,0,1,2,50.0,1,4,4,0,2,5,13,0
Fernando Calero,ESP,DF,Espanyol,La Liga,29-055,1995,2.1,4,2,4,0,0,1,2,50.0,1,3,3,0,5,9,20,0
Duje Ćaleta-Car,CRO,DF,Lyon,Ligue 1,28-052,1996,9.0,12,7,7,5,0,6,9,66.7,3,18,14,4,12,24,45,0
Hakan Çalhanoğlu,TUR,MF,Inter,Serie A,30-274,1994,5.4,14,7,1,6,7,6,9,66.7,3,2,2,0,3,17,5,0
Dominic Calvert-Lewin,ENG,FW,Everton,Premier League,27-237,1997,9.2,4,3,1,2,1,0,1,0.0,1,3,1,2,4,8,11,0
Drissa Camara,CIV,"FW,MF",Parma,Serie A,22-264,2002,0.8,1,1,0,1,0,0,2,0.0,2,0,0,0,0,1,1,0
Issiaga Camara,GUI,MF,Nice,Ligue 1,19-280,2005,0.0,0,0,0,0,0,0,0,,0,0,0,0,1,1,0,0
Lamine Camara,SEN,MF,Monaco,Ligue 1,20-312,2004,7.4,28,20,11,12,5,11,21,52.4,10,15,4,11,13,41,4,0
Mahdi Camara,FRA,MF,Brest,Ligue 1,26-131,1998,7.7,24,12,3,14,7,7,13,53.8,6,15,1,14,10,34,10,0
Francesco Camarda,ITA,FW,Milan,Serie A,16-243,2008,0.0,0,0,0,0,0,0,0,,0,0,0,0,0,0,0,0
Eduardo Camavinga,FRA,MF,Real Madrid,La Liga,21-364,2002,2.3,8,6,2,5,1,5,8,62.5,3,3,1,2,2,10,2,0
Nicolò Cambiaghi,ITA,FW,Bologna,Serie A,23-316,2000,0.2,1,0,0,1,0,0,0,,0,1,0,1,0,1,0,0
Andrea Cambiaso,ITA,"DF,FW",Juventus,Serie A,24-262,2000,10.0,17,12,9,5,3,11,18,61.1,7,5,1,4,5,22,14,1
Axel Camblan,FRA,"MF,FW",Brest,Ligue 1,21-070,2003,0.3,1,1,0,0,1,1,2,50.0,1,1,0,1,0,1,0,0
Sergio Camello,ESP,FW,Rayo Vallecano,La Liga,23-272,2001,6.8,5,0,1,4,0,0,0,,0,4,1,3,3,8,11,0
José Campaña,ESP,MF,Las Palmas,La Liga,31-161,1993,4.3,8,7,2,5,1,5,8,62.5,3,2,0,2,13,21,7,1
Cole Campbell,ISL,"FW,MF",Dortmund,Bundesliga,18-262,2006,0.0,0,0,0,0,0,0,0,,0,0,0,0,0,0,0,0
Emre Can,GER,"MF,DF",Dortmund,Bundesliga,30-301,1994,6.3,17,9,10,6,1,6,12,50.0,6,7,4,3,3,20,17,3
Peio Canales,ESP,MF,Athletic Club,La Liga,19-296,2005,0.2,1,1,0,0,1,0,0,,0,0,0,0,1,2,1,0
Matteo Cancellieri,ITA,"FW,MF",Parma,Serie A,22-270,2002,3.6,4,3,4,0,0,1,5,20.0,4,1,0,1,3,7,8,0
Antonio Candela,ITA,DF,Venezia,Serie A,24-195,2000,7.4,16,11,8,4,4,10,15,66.7,5,5,4,1,4,20,11,1
Sergi Canós,ESP,MF,Valencia,La Liga,27-280,1997,2.0,6,4,0,3,3,3,6,50.0,3,2,0,2,2,8,1,0
Jaydee Canvot,FRA,DF,Toulouse,Ligue 1,18-102,2006,0.1,1,1,1,0,0,1,1,100.0,0,0,0,0,0,1,0,0
Pierrick Capelle,FRA,MF,Angers,Ligue 1,37-207,1987,2.9,11,7,4,5,2,3,7,42.9,4,1,1,0,4,15,0,1
Gianluca Caprari,ITA,MF,Monza,Serie A,31-101,1993,4.1,8,5,3,4,1,1,4,25.0,3,5,0,5,2,10,1,0
Elia Caprile,ITA,GK,Napoli,Serie A,23-075,2001,3.6,0,0,0,0,0,0,0,,0,0,0,0,0,0,2,0
Francesco Caputo,ITA,FW,Empoli,Serie A,37-094,1987,0.1,0,0,0,0,0,0,0,,0,0,0,0,0,0,0,0
Maxence Caqueret,FRA,MF,Lyon,Ligue 1,24-267,2000,6.3,19,10,5,10,4,3,19,15.8,16,12,2,10,7,26,2,0
Andrea Carboni,ITA,DF,Monza,Serie A,23-278,2001,7.7,19,11,12,7,0,12,22,54.5,10,12,4,8,9,28,35,1
Franco Carboni,ITA,DF,Venezia,Serie A,21-218,2003,0.0,0,0,0,0,0,0,0,,0,0,0,0,0,0,1,0
Valentin Carboni,ARG,"MF,FW",Marseille,Ligue 1,19-248,2005,1.1,2,2,0,1,1,0,1,0.0,1,1,0,1,1,3,1,0
Cárdenas,ESP,GK,Rayo Vallecano,La Liga,27-225,1997,4.0,0,0,0,0,0,0,0,,0,0,0,0,0,0,3,0
Irvin Cardona,FRA,"MF,FW",Espanyol,La Liga,27-092,1997,3.6,5,4,2,3,0,4,12,33.3,8,4,1,3,3,8,5,0
Marc Cardona,ESP,FW,Las Palmas,La Liga,29-123,1995,0.7,0,0,0,0,0,0,0,,0,0,0,0,0,0,0,0
Sergi Cardona,ESP,DF,Villarreal,La Liga,25-123,1999,10.8,22,15,14,7,1,13,24,54.2,11,21,3,18,14,36,36,0
Johnny Cardoso,USA,MF,Betis,La Liga,23-049,2001,5.7,14,9,3,9,2,5,16,31.3,11,9,3,6,12,26,23,0
Diego Carlos,BRA,DF,Aston Villa,Premier League,31-238,1993,4.2,3,0,2,1,0,0,1,0.0,1,3,2,1,4,7,17,1
Carmona,ESP,DF,Sevilla,La Liga,22-284,2002,11.8,36,26,23,10,3,16,25,64.0,9,13,4,9,25,61,27,0
Marco Carnesecchi,ITA,GK,Atalanta,Serie A,24-130,2000,10.0,0,0,0,0,0,0,0,,0,1,0,1,0,0,7,1
Sergio Carreira,ESP,"MF,DF",Celta Vigo,La Liga,24-026,2000,2.6,6,4,3,2,1,2,4,50.0,2,2,0,2,1,7,9,0
Dani Carvajal,ESP,DF,Real Madrid,La Liga,32-302,1992,6.8,12,8,7,3,2,9,12,75.0,3,8,3,5,10,22,19,1
Fabio Carvalho,POR,"FW,MF",Brentford,Premier League,22-070,2002,3.2,9,6,3,2,4,3,7,42.9,4,5,1,4,2,11,1,0
William Carvalho,POR,MF,Betis,La Liga,32-215,1992,2.7,3,2,0,3,0,2,4,50.0,2,4,1,3,3,6,4,0
Marc Casado,ESP,MF,Barcelona,La Liga,21-055,2003,7.6,20,12,3,12,5,8,16,50.0,8,9,4,5,6,26,11,0
Nicolò Casale,ITA,DF,Bologna,Serie A,26-268,1998,2.8,3,1,1,2,0,1,2,50.0,1,8,6,2,2,5,6,2
Nicolò Casale,ITA,DF,Lazio,Serie A,26-268,1998,1.5,5,3,4,1,0,0,0,,0,4,3,1,1,6,2,0
Casemiro,BRA,MF,Manchester Utd,Premier League,32-259,1992,6.1,24,15,14,6,4,10,22,45.5,12,16,3,13,5,29,23,3
Matty Cash,POL,DF,Aston Villa,Premier League,27-093,1997,4.7,10,4,7,3,0,4,8,50.0,4,4,1,3,6,16,19,0
Josué Casimir,FRA,"FW,DF",Le Havre,Ligue 1,23-045,2001,5.4,8,5,2,4,2,1,4,25.0,3,3,0,3,1,9,7,0
Federico Cassa,ITA,"MF,FW",Atalanta,Serie A,18-281,2006,0.2,0,0,0,0,0,0,0,,0,1,0,1,0,0,0,0
Cristian Cásseres Jr.,VEN,MF,Toulouse,Ligue 1,24-293,2000,7.5,33,21,17,14,2,11,24,45.8,13,10,3,7,8,41,9,0
Timothy Castagne,BEL,DF,Fulham,Premier League,28-339,1995,0.4,4,2,2,2,0,3,4,75.0,1,0,0,0,0,4,2,0
Valentín Castellanos,ARG,FW,Lazio,Serie A,26-036,1998,9.6,4,2,0,1,3,1,7,14.3,6,8,1,7,1,5,3,0
Jean-Charles Castelletto,CMR,DF,Nantes,Ligue 1,29-287,1995,8.0,8,3,5,3,0,7,10,70.0,3,5,4,1,6,14,48,0
Santiago Castro,ARG,FW,Bologna,Serie A,20-040,2004,8.5,7,2,3,4,0,1,6,16.7,5,7,1,6,1,8,11,0
Gaetano Castrovilli,ITA,"MF,FW",Lazio,Serie A,27-265,1997,1.4,5,2,3,1,1,2,4,50.0,2,2,0,2,3,8,1,0
Danilo Cataldi,ITA,MF,Fiorentina,Serie A,30-094,1994,5.6,13,10,5,6,2,5,7,71.4,2,5,3,2,3,16,10,0
Catena,ESP,DF,Osasuna,La Liga,30-011,1994,11.0,15,9,9,6,0,9,15,60.0,6,10,5,5,10,25,75,0
Maximiliano Caufriez,BEL,DF,Valencia,La Liga,27-266,1997,1.0,1,1,1,0,0,1,1,100.0,0,2,1,1,1,2,4,0
Dani Ceballos,ESP,MF,Real Madrid,La Liga,28-093,1996,0.9,5,3,2,3,0,1,3,33.3,2,1,0,1,0,5,0,0
Zeki Çelik,TUR,DF,Roma,Serie A,27-265,1997,9.8,21,15,9,7,5,10,20,50.0,10,7,2,5,4,25,22,1
Alberto Cerri,ITA,FW,Como,Serie A,28-206,1996,0.9,0,0,0,0,0,0,0,,0,2,0,2,0,0,1,0
Franco Cervi,ARG,DF,Celta Vigo,La Liga,30-166,1994,0.1,0,0,0,0,0,0,2,0.0,2,0,0,0,1,1,0,0
Julian Chabot,GER,DF,Stuttgart,Bundesliga,26-270,1998,7.5,14,7,10,3,1,6,11,54.5,5,7,3,4,14,28,37,0
El Chadaille Bitshiabu,FRA,DF,RB Leipzig,Bundesliga,19-176,2005,1.5,6,3,2,4,0,3,4,75.0,1,2,1,1,3,9,7,1
Fares Chaïbi,ALG,"MF,FW",Eint Frankfurt,Bundesliga,21-346,2002,4.5,7,4,2,3,2,4,7,57.1,3,7,0,7,5,12,18,1
Trevoh Chalobah,ENG,DF,Crystal Palace,Premier League,25-126,1999,4.0,6,5,1,4,1,4,9,44.4,5,9,4,5,6,12,21,2
Timothy Chandler,USA,DF,Eint Frankfurt,Bundesliga,34-224,1990,0.2,0,0,0,0,0,0,0,,0,0,0,0,3,3,0,0
Conor Chaplin,ENG,"MF,FW",Ipswich Town,Premier League,27-266,1997,3.1,5,3,3,2,0,3,6,50.0,3,4,0,4,2,7,1,0
Brendan Chardonnet,FRA,DF,Brest,Ligue 1,29-322,1994,8.0,13,10,6,5,2,8,15,53.3,7,6,5,1,10,23,48,1
Gabriel Charpentier,CGO,FW,Parma,Serie A,25-175,1999,1.9,1,1,1,0,0,1,2,50.0,1,1,0,1,0,1,7,0
Raúl Chasco,ESP,DF,Valladolid,La Liga,21-056,2003,1.4,4,1,3,1,0,2,4,50.0,2,1,0,1,2,6,2,0
Anrie Chase,JPN,DF,Stuttgart,Bundesliga,20-229,2004,5.6,9,4,6,3,0,5,7,71.4,2,8,5,3,7,16,20,0
Pep Chavarría,ESP,DF,Rayo Vallecano,La Liga,26-212,1998,4.4,5,5,3,2,0,2,8,25.0,6,6,1,5,6,11,13,0
Arthur Chaves,BRA,DF,Hoffenheim,Bundesliga,23-284,2001,2.7,4,3,1,3,0,2,6,33.3,4,2,0,2,2,6,14,0
Jhoanner Chávez,ECU,"DF,MF",Lens,Ligue 1,22-197,2002,6.3,7,4,3,3,1,2,7,28.6,5,10,1,9,6,13,12,0
Walid Cheddira,MAR,FW,Napoli,Serie A,26-291,1998,0.1,0,0,0,0,0,0,0,,0,0,0,0,0,0,0,0
Walid Cheddira,MAR,FW,Espanyol,La Liga,26-291,1998,4.0,3,0,0,0,3,0,0,,0,2,0,2,1,4,4,0
Théo Chennahi,FRA,DF,Montpellier,Ligue 1,19-276,2005,0.0,0,0,0,0,0,0,0,,0,1,0,1,0,0,0,0
Sidiki Cherif,FRA,FW,Angers,Ligue 1,17-329,2006,3.1,4,4,0,3,1,3,4,75.0,1,2,0,2,0,4,0,1
Rayan Cherki,FRA,"FW,MF",Lyon,Ligue 1,21-083,2003,3.2,3,3,1,1,1,2,6,33.3,4,2,0,2,0,3,2,0
Lucas Chevalier,FRA,GK,Lille,Ligue 1,23-002,2001,10.0,2,2,2,0,0,2,2,100.0,0,0,0,0,0,2,1,0
Fabio Chiarodia,ITA,DF,Gladbach,Bundesliga,19-156,2005,0.2,2,1,1,1,0,1,1,100.0,0,0,0,0,0,2,5,0
Julián Chicco,ARG,MF,Leganés,La Liga,26-300,1998,1.3,6,4,0,6,0,3,5,60.0,2,0,0,0,2,8,1,0
Leandro Chichizola,ARG,GK,Parma,Serie A,34-226,1990,1.0,0,0,0,0,0,0,0,,0,0,0,0,0,0,2,0
Federico Chiesa,ITA,FW,Liverpool,Premier League,27-014,1997,0.2,0,0,0,0,0,0,0,,0,0,0,0,0,0,0,0
Chiquinho,POR,MF,Wolves,Premier League,24-277,2000,0.1,0,0,0,0,0,0,0,,0,0,0,0,0,0,0,0
Chiquinho,POR,"FW,MF",Mallorca,La Liga,24-277,2000,1.3,1,0,0,1,0,0,6,0.0,6,2,0,2,2,3,0,0
Pedro Chirivella,ESP,MF,Nantes,Ligue 1,27-169,1997,8.8,13,13,6,6,1,8,14,57.1,6,2,0,2,2,15,18,0
Joris Chotard,FRA,MF,Montpellier,Ligue 1,23-045,2001,3.9,7,4,2,5,0,4,7,57.1,3,3,0,3,3,10,5,0
Hamza Choudhury,ENG,MF,Leicester City,Premier League,27-038,1997,0.2,0,0,0,0,0,0,0,,0,0,0,0,1,1,1,0
Andreas Christensen,DEN,DF,Barcelona,La Liga,28-212,1996,0.3,0,0,0,0,0,0,0,,0,0,0,0,0,0,2,0
Ryan Christie,SCO,MF,Bournemouth,Premier League,29-260,1995,7.0,10,6,5,4,1,3,12,25.0,9,14,4,10,6,16,15,1
Samuel Chukwueze,NGA,"FW,MF",Milan,Serie A,25-170,1999,4.9,5,2,3,1,1,2,9,22.2,7,1,0,1,0,5,1,0
Aaron Ciammaglichella,ITA,MF,Torino,Serie A,19-287,2005,0.0,0,0,0,0,0,0,0,,0,0,0,0,0,0,0,0
Jasper Cillessen,NED,GK,Las Palmas,La Liga,35-200,1989,9.7,1,0,1,0,0,1,1,100.0,0,0,0,0,0,1,8,0
Alessandro Circati,AUS,DF,Parma,Serie A,21-029,2003,4.0,4,2,3,1,0,1,1,100.0,0,5,4,1,2,6,29,1
Pathé Ciss,SEN,MF,Rayo Vallecano,La Liga,30-237,1994,3.8,7,4,4,3,0,1,6,16.7,5,7,4,3,6,13,22,0
Alphadjo Cissè,ITA,MF,Hellas Verona,Serie A,18-017,2006,0.0,0,0,0,0,0,0,0,,0,0,0,0,0,0,0,0
Seydouba Cissé,GUI,MF,Leganés,La Liga,23-272,2001,9.1,17,11,7,8,2,7,16,43.8,9,10,0,10,5,22,15,1
Harry Clarke,ENG,DF,Ipswich Town,Premier League,23-251,2001,1.1,2,2,2,0,0,2,3,66.7,1,1,1,0,1,3,4,0
Jack Clarke,ENG,FW,Ipswich Town,Premier League,23-351,2000,3.8,9,5,3,5,1,3,10,30.0,7,2,0,2,2,11,6,0
Alexis Claude-Maurice,FRA,"FW,MF",Augsburg,Bundesliga,26-155,1998,2.5,6,4,1,3,2,2,4,50.0,2,1,0,1,2,8,0,0
Jonathan Clauss,FRA,"DF,MF",Nice,Ligue 1,32-044,1992,7.8,22,15,11,10,1,12,21,57.1,9,10,2,8,12,34,21,0
Silvi Clúa,ESP,MF,Girona,La Liga,19-284,2005,1.5,7,6,4,3,0,3,5,60.0,2,1,0,1,2,9,2,0
Nathaniel Clyne,ENG,"DF,MF",Crystal Palace,Premier League,33-217,1991,2.6,10,6,7,2,1,5,6,83.3,1,0,0,0,1,11,10,1
Conor Coady,ENG,DF,Leicester City,Premier League,31-257,1993,0.1,0,0,0,0,0,0,0,,0,2,1,1,1,1,2,0
Marcus Coco,FRA,DF,Nantes,Ligue 1,28-137,1996,4.8,14,14,6,6,2,7,16,43.8,9,6,2,4,3,17,12,0
Saúl Coco,EQG,DF,Torino,Serie A,25-273,1999,10.0,10,5,7,3,0,1,6,16.7,5,16,10,6,15,25,54,3
Séamus Coleman,IRL,DF,Everton,Premier League,36-028,1988,1.0,1,0,0,1,0,1,2,50.0,1,2,1,1,0,1,2,0
Nathan Collins,IRL,DF,Brentford,Premier League,23-192,2001,10.0,13,8,9,3,1,9,12,75.0,3,28,20,8,12,25,45,0
Nnamdi Collins,GER,DF,Eint Frankfurt,Bundesliga,20-303,2004,1.0,2,2,1,0,1,0,0,,0,0,0,0,3,5,6,1
Toby Collyer,ENG,MF,Manchester Utd,Premier League,20-310,2004,0.5,4,3,1,3,0,2,2,100.0,0,0,0,0,0,4,1,0
Lorenzo Colombo,ITA,"FW,MF",Empoli,Serie A,22-245,2002,7.5,5,3,0,3,2,1,5,20.0,4,6,1,5,1,6,1,0
Andrea Colpani,ITA,"FW,MF",Fiorentina,Serie A,25-181,1999,8.6,6,2,3,2,1,0,5,0.0,5,3,0,3,1,7,7,0
Levi Colwill,ENG,DF,Chelsea,Premier League,21-256,2003,10.0,8,6,6,2,0,2,5,40.0,3,13,9,4,14,22,38,0
Kingsley Coman,FRA,FW,Bayern Munich,Bundesliga,28-148,1996,4.8,8,4,3,2,3,3,5,60.0,2,6,0,6,4,12,10,0
Eray Cömert,SUI,"MF,DF",Valladolid,La Liga,26-278,1998,8.9,13,8,6,7,0,6,10,60.0,4,16,9,7,10,23,27,1
Santi Comesaña,ESP,MF,Villarreal,La Liga,28-034,1996,9.2,23,16,11,11,1,7,17,41.2,10,14,6,8,8,31,13,0
Pietro Comuzzo,ITA,DF,Fiorentina,Serie A,19-262,2005,8.5,19,9,10,7,2,9,12,75.0,3,12,9,3,6,25,26,0
Francisco Conceição,POR,FW,Juventus,Serie A,21-330,2002,4.0,5,3,3,1,1,2,4,50.0,2,1,0,1,3,8,1,0
Diego Conde,ESP,GK,Villarreal,La Liga,26-011,1998,11.0,2,2,2,0,0,2,4,50.0,2,0,0,0,1,3,5,1
Tomás Conechny,ARG,"FW,MF",Alavés,La Liga,26-223,1998,5.0,4,2,2,2,0,2,10,20.0,8,7,1,6,4,8,4,0
Sirlord Conteh,GER,"FW,DF",Heidenheim,Bundesliga,28-122,1996,2.3,6,3,3,3,0,2,2,100.0,0,0,0,0,0,6,1,0
Lewis Cook,ENG,MF,Bournemouth,Premier League,27-279,1997,9.9,28,16,15,12,1,10,24,41.7,14,14,4,10,18,46,14,0
Copete,ESP,DF,Mallorca,La Liga,25-029,1999,4.4,8,6,7,1,0,3,3,100.0,0,5,3,2,4,12,37,0
Diego Coppola,ITA,DF,Hellas Verona,Serie A,20-316,2003,8.5,16,9,12,3,1,9,13,69.2,4,15,7,8,22,38,33,1
Derek Cornelius,CAN,DF,Marseille,Ligue 1,26-349,1997,5.7,9,5,6,3,0,7,9,77.8,2,7,3,4,3,12,23,0
Maxwel Cornet,CIV,FW,Southampton,Premier League,28-042,1996,0.8,5,5,1,4,0,0,4,0.0,4,0,0,0,0,5,2,0
Pierre Cornud,FRA,DF,Saint-Étienne,Ligue 1,27-332,1996,2.3,3,3,2,0,1,3,4,75.0,1,3,1,2,3,6,10,1
Ángel Correa,ARG,"FW,MF",Atlético Madrid,La Liga,29-244,1995,3.3,1,0,1,0,0,1,4,25.0,3,4,0,4,1,2,1,0
Joaquín Correa,ARG,"MF,FW",Inter,Serie A,30-087,1994,0.5,1,0,0,1,0,0,0,,0,0,0,0,0,1,0,0
Thierry Correia,POR,DF,Valencia,La Liga,25-244,1999,8.5,27,18,19,5,3,13,23,56.5,10,10,1,9,4,31,18,0
Danny da Costa,GER,DF,Mainz 05,Bundesliga,31-118,1993,1.0,1,0,1,0,0,1,1,100.0,0,1,0,1,1,2,0,0
David Costa,POR,MF,Lens,Ligue 1,23-308,2001,1.7,2,0,1,1,0,1,2,50.0,1,4,1,3,1,3,0,0
Logan Costa,CPV,DF,Villarreal,La Liga,23-221,2001,7.2,6,4,4,2,0,4,5,80.0,1,4,4,0,4,10,30,0
Logan Costa,CPV,DF,Toulouse,Ligue 1,23-221,2001,1.0,2,1,0,2,0,1,1,100.0,0,2,2,0,2,4,4,0
Samu Costa,POR,MF,Mallorca,La Liga,23-347,2000,10.2,29,15,17,11,1,11,22,50.0,11,12,3,9,11,40,33,0
Vladimír Coufal,CZE,DF,West Ham,Premier League,32-078,1992,2.2,0,0,0,0,0,0,3,0.0,3,2,2,0,2,2,4,0
Lassana Coulibaly,MLI,MF,Lecce,Serie A,28-212,1996,6.5,8,5,3,5,0,3,8,37.5,5,9,1,8,4,12,8,0
Lasso Coulibaly,GHA,"FW,MF",Auxerre,Ligue 1,22-020,2002,0.4,0,0,0,0,0,0,0,,0,0,0,0,0,0,0,0
Soumaïla Coulibaly,FRA,DF,Brest,Ligue 1,21-025,2003,3.6,2,2,0,2,0,0,0,,0,4,1,3,5,7,13,0
Tanguy Coulibaly,FRA,FW,Montpellier,Ligue 1,23-264,2001,4.3,8,6,2,6,0,2,8,25.0,6,3,0,3,2,10,0,0
Woyo Coulibaly,FRA,DF,Parma,Serie A,25-172,1999,9.1,12,9,8,2,2,5,11,45.5,6,15,2,13,7,19,17,0
Thibaut Courtois,BEL,GK,Real Madrid,La Liga,32-181,1992,9.0,0,0,0,0,0,0,0,,0,0,0,0,1,1,2,0
Yan Couto,BRA,DF,Dortmund,Bundesliga,22-158,2002,2.6,5,3,4,1,0,4,7,57.1,3,6,0,6,2,7,6,1
Nicolas Cozza,FRA,DF,Nantes,Ligue 1,25-305,1999,5.3,16,14,9,5,2,7,13,53.8,6,4,1,3,5,21,18,0
Aaron Cresswell,ENG,DF,West Ham,Premier League,34-329,1989,0.3,1,0,0,1,0,1,1,100.0,0,1,0,1,0,1,3,0
Charlie Cresswell,ENG,DF,Toulouse,Ligue 1,22-083,2002,6.8,11,3,4,7,0,10,16,62.5,6,3,2,1,7,18,32,1
Bryan Cristante,ITA,MF,Roma,Serie A,29-250,1995,8.2,16,12,5,9,2,5,9,55.6,4,8,6,2,10,26,17,0
Domen Črnigoj,SVN,MF,Venezia,Serie A,28-356,1995,0.9,3,1,0,0,3,1,2,50.0,1,3,2,1,1,4,3,0
Juan Cruz Armada,ESP,DF,Osasuna,La Liga,32-103,1992,4.2,3,1,2,1,0,1,3,33.3,2,1,0,1,0,3,13,0
Juan Cruz,ESP,"FW,MF",Leganés,La Liga,24-197,2000,7.7,7,5,2,5,0,4,7,57.1,3,5,1,4,5,12,8,0
Juan Cuadrado,COL,"DF,MF",Atalanta,Serie A,36-166,1988,1.6,1,0,0,0,1,1,5,20.0,4,0,0,0,0,1,3,0
Pau Cubarsí,ESP,DF,Barcelona,La Liga,17-291,2007,10.4,9,6,7,1,1,6,12,50.0,6,4,3,1,6,15,25,0
Marc Cucurella,ESP,DF,Chelsea,Premier League,26-109,1998,7.2,11,7,7,4,0,4,12,33.3,8,11,4,7,6,17,24,0
Jorge Cuenca,ESP,DF,Fulham,Premier League,24-357,1999,0.0,1,1,1,0,0,1,1,100.0,0,0,0,0,0,1,1,0
Matheus Cunha,BRA,"MF,FW",Wolves,Premier League,25-165,1999,8.9,12,9,6,4,2,2,11,18.2,9,9,0,9,4,16,13,0
Patrick Cutrone,ITA,FW,Como,Serie A,26-310,1998,10.4,9,7,0,5,4,5,7,71.4,2,4,0,4,1,10,6,0
Tomáš Čvančara,CZE,"FW,MF",Gladbach,Bundesliga,24-087,2000,2.1,1,1,0,1,0,1,1,100.0,0,3,2,1,0,1,5,0
Wylan Cyprien,FRA,MF,Parma,Serie A,29-285,1995,0.3,0,0,0,0,0,0,1,0.0,1,1,0,1,1,1,0,0
Danilo D'Ambrosio,ITA,DF,Monza,Serie A,36-060,1988,2.3,9,3,8,0,1,3,7,42.9,4,3,1,2,2,11,4,0
Lucas Da Cunha,FRA,"MF,FW",Como,Serie A,23-152,2001,4.9,10,4,4,4,2,3,6,50.0,3,5,0,5,3,13,3,0
Mahmoud Dahoud,GER,MF,Eint Frankfurt,Bundesliga,28-312,1996,2.2,5,2,4,1,0,2,3,66.7,1,4,1,3,1,6,2,0
Ameen Al-Dakhil,BEL,DF,Stuttgart,Bundesliga,22-247,2002,0.1,0,0,0,0,0,0,0,,0,0,0,0,0,0,2,0
Thijs Dallinga,NED,"FW,MF",Bologna,Serie A,24-097,2000,1.9,4,2,0,1,3,1,1,100.0,0,1,1,0,0,4,4,0
Diogo Dalot,POR,DF,Manchester Utd,Premier League,25-235,1999,10.0,21,15,11,8,2,10,13,76.9,3,10,5,5,18,39,23,0
Mikkel Damsgaard,DEN,"MF,FW",Brentford,Premier League,24-128,2000,7.8,24,14,11,7,6,8,19,42.1,11,14,1,13,9,33,14,1
Flavius Daniliuc,AUT,DF,Hellas Verona,Serie A,23-195,2001,5.2,11,8,6,5,0,7,13,53.8,6,4,1,3,5,16,12,0
Danilo,BRA,MF,Nott'ham Forest,Premier League,23-193,2001,0.2,0,0,0,0,0,0,0,,0,0,0,0,0,0,0,0
Danilo,BRA,DF,Juventus,Serie A,33-116,1991,3.5,5,2,2,2,1,1,4,25.0,3,4,3,1,6,11,14,0
Arnaut Danjuma,NED,FW,Villarreal,La Liga,27-282,1997,2.2,2,1,0,1,1,0,1,0.0,1,1,0,1,0,2,0,0
Arnaut Danjuma,NED,"FW,MF",Girona,La Liga,27-282,1997,5.7,5,3,2,2,1,1,3,33.3,2,3,0,3,1,6,0,0
Kévin Danois,FRA,"MF,DF",Auxerre,Ligue 1,20-133,2004,6.0,22,16,8,11,3,8,21,38.1,13,0,0,0,12,34,5,0
Kevin Danso,AUT,DF,Lens,Ligue 1,26-050,1998,5.0,6,0,5,1,0,3,4,75.0,1,12,12,0,6,12,20,1
Dante,BRA,DF,Nice,Ligue 1,41-021,1983,7.3,17,7,9,6,2,10,13,76.9,3,5,1,4,9,26,24,0
Pape Daouda Diongue,SEN,"MF,FW",Strasbourg,Ligue 1,,,0.6,1,0,0,1,0,0,0,,0,0,0,0,3,4,0,0
Mohammed Daramy,DEN,FW,Reims,Ligue 1,22-306,2002,0.2,0,0,0,0,0,0,0,,0,0,0,0,0,0,1,0
Bence Dárdai,GER,"MF,FW",Wolfsburg,Bundesliga,18-289,2006,1.1,5,5,1,4,0,2,3,66.7,1,1,0,1,1,6,0,0
Sergi Darder,ESP,"MF,FW",Mallorca,La Liga,30-322,1993,8.2,14,7,6,3,5,2,11,18.2,9,4,0,4,3,17,6,1
Matteo Darmian,ITA,DF,Inter,Serie A,34-342,1989,7.3,16,9,6,7,3,8,13,61.5,5,2,2,0,2,18,13,0
Lukas Daschner,GER,"MF,FW",Bochum,Bundesliga,26-038,1998,3.2,4,2,1,2,1,2,8,25.0,6,4,0,4,0,4,3,0
Juan David Cabal,COL,DF,Juventus,Serie A,23-305,2001,5.1,10,4,7,3,0,8,12,66.7,4,2,0,2,2,12,14,1
Jonathan David,CAN,FW,Lille,Ligue 1,24-299,2000,8.1,7,1,2,3,2,3,8,37.5,5,5,1,4,2,9,2,0
Alphonso Davies,CAN,DF,Bayern Munich,Bundesliga,24-006,2000,7.2,13,7,4,7,2,6,7,85.7,1,3,0,3,4,17,9,0
Ben Davies,WAL,DF,Tottenham,Premier League,31-198,1993,0.3,1,0,0,1,0,1,1,100.0,0,0,0,0,1,2,2,0
Keinan Davis,ENG,FW,Udinese,Serie A,26-269,1998,4.8,4,2,0,3,1,1,2,50.0,1,1,1,0,1,5,3,0
Leif Davis,ENG,DF,Ipswich Town,Premier League,24-301,2000,10.0,20,12,18,1,1,15,25,60.0,10,10,1,9,10,30,25,0
Zuriko Davitashvili,GEO,"MF,FW",Saint-Étienne,Ligue 1,23-267,2001,9.7,9,4,3,5,1,7,19,36.8,12,5,0,5,6,15,3,0
Paweł Dawidowicz,POL,DF,Hellas Verona,Serie A,29-172,1995,4.2,8,6,2,6,0,3,4,75.0,1,2,1,1,3,11,11,0
Craig Dawson,ENG,DF,Wolves,Premier League,34-186,1990,7.3,12,3,7,4,1,10,13,76.9,3,12,9,3,8,20,36,0
Kevin De Bruyne,BEL,MF,Manchester City,Premier League,33-133,1991,4.0,2,1,2,0,0,0,3,0.0,3,2,0,2,2,4,0,0
Charles De Ketelaere,BEL,"MF,FW",Atalanta,Serie A,23-243,2001,8.5,4,4,0,3,1,1,5,20.0,4,4,2,2,0,4,4,0
Rodrigo De Paul,ARG,MF,Atlético Madrid,La Liga,30-168,1994,5.9,5,4,2,3,0,5,8,62.5,3,4,0,4,2,7,6,1
Mattia De Sciglio,ITA,DF,Empoli,Serie A,32-019,1992,1.6,3,1,0,3,0,3,3,100.0,0,1,0,1,1,4,8,0
Lorenzo De Silvestri,ITA,DF,Bologna,Serie A,36-169,1988,2.7,5,3,3,1,1,3,5,60.0,2,4,0,4,0,5,8,0
Thibault De Smet,BEL,DF,Reims,Ligue 1,26-156,1998,0.1,0,0,0,0,0,0,0,,0,1,1,0,1,1,2,0
Koni De Winter,BEL,DF,Genoa,Serie A,22-149,2002,7.0,12,9,6,5,1,4,6,66.7,2,2,1,1,8,20,34,0
Alessandro Deiola,ITA,MF,Cagliari,Serie A,29-099,1995,5.2,13,8,4,8,1,5,13,38.5,8,5,3,2,2,15,12,0
Romain Del Castillo,FRA,FW,Brest,Ligue 1,28-224,1996,6.5,15,10,3,6,6,9,11,81.8,2,10,0,10,2,17,0,0
Enrico Del Prato,ITA,DF,Parma,Serie A,24-364,1999,9.2,5,3,3,2,0,3,6,50.0,3,25,12,13,7,12,41,1
Liam Delap,ENG,FW,Ipswich Town,Premier League,21-274,2003,7.8,3,1,1,1,1,0,6,0.0,6,4,0,4,1,4,10,0
Fisayo Dele-Bashiru,NGA,"MF,FW",Lazio,Serie A,23-276,2001,1.9,3,3,1,1,1,0,0,,0,2,0,2,0,3,0,0
Olivier Deman,BEL,DF,Werder Bremen,Bundesliga,24-216,2000,0.4,3,1,0,3,0,1,5,20.0,4,0,0,0,0,3,2,0
Ali Dembélé,FRA,DF,Torino,Serie A,20-308,2004,0.7,2,1,1,1,0,2,2,100.0,0,0,0,0,0,2,2,0
Ousmane Dembélé,FRA,FW,Paris S-G,Ligue 1,27-177,1997,6.4,5,2,0,2,3,2,3,66.7,1,1,0,1,3,8,0,1
Ermedin Demirović,BIH,FW,Stuttgart,Bundesliga,26-228,1998,5.1,4,3,1,1,2,0,4,0.0,4,3,0,3,1,5,2,0
Sepp van den Berg,NED,DF,Brentford,Premier League,22-324,2001,7.1,12,8,9,1,2,5,8,62.5,3,14,7,7,6,18,26,1
Arthur Desmas,FRA,GK,Le Havre,Ligue 1,30-215,1994,10.0,0,0,0,0,0,0,1,0.0,1,0,0,0,0,0,2,1
Kiernan Dewsbury-Hall,ENG,MF,Chelsea,Premier League,26-063,1998,0.5,0,0,0,0,0,0,0,,0,1,0,1,1,1,1,1
Michele Di Gregorio,ITA,GK,Juventus,Serie A,27-104,1997,9.0,0,0,0,0,0,0,0,,0,0,0,0,0,0,1,0
Giovanni Di Lorenzo,ITA,DF,Napoli,Serie A,31-096,1993,11.0,28,19,15,12,1,19,25,76.0,6,4,2,2,12,40,34,1
Boulaye Dia,SEN,"MF,FW",Lazio,Serie A,27-358,1996,7.0,7,3,3,1,3,3,6,50.0,3,2,0,2,3,10,2,1
Mamadou Diakhon,FRA,"MF,FW",Reims,Ligue 1,19-047,2005,1.2,4,4,2,0,2,4,5,80.0,1,0,0,0,0,4,1,0
Bafodé Diakité,FRA,DF,Lille,Ligue 1,23-307,2001,10.0,12,6,8,2,2,9,14,64.3,5,8,4,4,9,21,26,2
Oumar Diakité,CIV,FW,Reims,Ligue 1,20-324,2003,7.4,9,6,5,4,0,5,10,50.0,5,6,1,5,2,11,5,0
Amad Diallo,CIV,FW,Manchester Utd,Premier League,22-120,2002,4.4,14,10,4,6,4,7,9,77.8,2,2,0,2,2,16,1,0
Assane Diao,ESP,FW,Betis,La Liga,19-062,2005,2.6,4,2,0,3,1,3,7,42.9,4,1,0,1,0,4,3,0
Habib Diarra,SEN,"MF,FW",Strasbourg,Ligue 1,20-310,2004,9.3,7,4,0,6,1,4,7,57.1,3,5,0,5,2,9,11,1
Moussa Diarra,MLI,DF,Alavés,La Liga,23-364,2000,6.2,14,9,5,9,0,8,13,61.5,5,4,1,3,8,22,2,0
Rúben Dias,POR,DF,Manchester City,Premier League,27-178,1997,8.1,7,4,3,3,1,3,4,75.0,1,4,3,1,10,17,21,1
Krépin Diatta,SEN,DF,Monaco,Ligue 1,25-257,1999,2.2,11,7,8,1,2,7,13,53.8,6,3,1,2,3,14,7,1
Kandet Diawara,GUI,FW,Le Havre,Ligue 1,24-272,2000,0.0,0,0,0,0,0,0,0,,0,1,0,1,0,0,1,0
Mahamadou Diawara,FRA,MF,Lyon,Ligue 1,19-265,2005,0.2,1,0,0,1,0,1,3,33.3,2,2,0,2,0,1,0,0
Brahim Díaz,MAR,"FW,MF",Real Madrid,La Liga,25-097,1999,1.5,3,2,2,1,0,0,3,0.0,3,0,0,0,1,4,0,0
Luis Díaz,COL,FW,Liverpool,Premier League,27-300,1997,6.2,11,6,4,6,1,5,11,45.5,6,6,0,6,3,14,3,0
Pedro Díaz,ESP,"MF,FW",Rayo Vallecano,La Liga,26-156,1998,0.6,1,1,0,1,0,1,1,100.0,0,2,0,2,1,2,0,0
Tyler Dibling,ENG,"FW,MF",Southampton,Premier League,18-241,2006,5.8,10,8,5,4,1,5,9,55.6,4,4,1,3,2,12,3,0
Diego,ESP,"FW,MF",Leganés,La Liga,24-204,2000,2.1,0,0,0,0,0,0,1,0.0,1,0,0,0,0,0,3,0
Justin Diehl,GER,DF,Stuttgart,Bundesliga,19-347,2004,0.3,0,0,0,0,0,0,0,,0,2,0,2,0,0,0,0
Bamba Dieng,SEN,FW,Angers,Ligue 1,24-230,2000,2.5,2,0,0,1,1,0,0,,0,1,0,1,0,2,3,0
Eric Dier,ENG,DF,Bayern Munich,Bundesliga,30-298,1994,0.5,1,1,1,0,0,0,1,0.0,1,1,0,1,0,1,3,0
Lucas Digne,FRA,DF,Aston Villa,Premier League,31-111,1993,8.5,23,15,13,7,3,15,24,62.5,9,11,3,8,14,37,24,0
Federico Dimarco,ITA,DF,Inter,Serie A,26-364,1997,9.7,7,3,3,2,2,4,6,66.7,2,7,2,5,4,11,11,0
Junior Dina Ebimbe,FRA,"MF,FW",Eint Frankfurt,Bundesliga,23-353,2000,2.6,2,1,1,1,0,0,2,0.0,2,3,0,3,6,8,6,0
Eren Dinkçi,GER,MF,Freiburg,Bundesliga,22-331,2001,5.5,11,6,3,5,3,3,12,25.0,9,8,1,7,3,14,0,0
Sinaly Diomande,CIV,DF,Auxerre,Ligue 1,23-213,2001,7.3,10,7,3,6,1,8,12,66.7,4,12,8,4,9,19,23,0
Lois Diony,FRA,FW,Angers,Ligue 1,31-324,1992,0.2,0,0,0,0,0,0,0,,0,0,0,0,0,0,0,0
Issa Diop,FRA,DF,Fulham,Premier League,27-304,1997,4.4,8,5,5,3,0,3,5,60.0,2,4,3,1,1,9,19,0
Sofiane Diop,FRA,"MF,FW",Nice,Ligue 1,24-152,2000,1.1,3,3,1,0,2,0,1,0.0,1,2,0,2,1,4,2,0
Andy Diouf,FRA,MF,Lens,Ligue 1,21-175,2003,8.9,14,10,3,9,2,9,16,56.3,7,12,1,11,5,19,7,0
Yehvann Diouf,FRA,GK,Reims,Ligue 1,24-358,1999,10.0,0,0,0,0,0,0,1,0.0,1,0,0,0,0,0,4,1
Assane Dioussé,SEN,MF,Auxerre,Ligue 1,27-049,1997,0.1,1,1,0,1,0,0,0,,0,0,0,0,0,1,1,0
Axel Disasi,FRA,DF,Chelsea,Premier League,26-242,1998,1.0,1,1,1,0,0,1,3,33.3,2,1,0,1,1,2,3,0
Roman Dixon,ENG,DF,Everton,Premier League,19-318,2004,1.0,5,5,3,2,0,4,4,100.0,0,1,0,1,1,6,3,0
Álvaro djaló,ESP,FW,Athletic Club,La Liga,25-084,1999,3.3,2,1,1,1,0,0,1,0.0,1,1,0,1,1,3,1,0
Djené,TOG,DF,Getafe,La Liga,32-313,1991,10.5,6,1,3,3,0,1,8,12.5,7,8,5,3,11,17,40,0
Berat Djimsiti,ALB,DF,Atalanta,Serie A,31-263,1993,10.0,23,13,11,12,0,12,14,85.7,2,12,8,4,19,42,35,1
Marko Dmitrović,SRB,GK,Leganés,La Liga,32-289,1992,6.0,0,0,0,0,0,0,1,0.0,1,0,0,0,0,0,7,2
Ritsu Doan,JPN,FW,Freiburg,Bundesliga,26-145,1998,8.4,15,12,9,4,2,8,12,66.7,4,15,0,15,5,20,7,0
Dodô,BRA,DF,Fiorentina,Serie A,25-357,1998,11.0,11,8,5,3,3,7,12,58.3,5,10,3,7,16,27,19,0
Danilho Doekhi,NED,DF,Union Berlin,Bundesliga,26-131,1998,9.0,11,8,6,3,2,5,8,62.5,3,13,4,9,10,21,25,0
Matt Doherty,IRL,DF,Wolves,Premier League,32-297,1992,2.3,8,6,6,2,0,4,5,80.0,1,4,1,3,2,10,8,0
Jeremy Doku,BEL,"FW,MF",Manchester City,Premier League,22-165,2002,4.5,9,4,2,3,4,1,3,33.3,2,4,0,4,0,9,1,0
Marc Domenech,ESP,FW,Mallorca,La Liga,18-312,2006,1.3,0,0,0,0,0,0,2,0.0,2,2,0,2,0,0,0,0
Benjamín Domínguez,ARG,FW,Bologna,Serie A,21-050,2003,0.7,1,0,0,1,0,0,0,,0,0,0,0,0,1,0,0
Carlos Dominguez,ESP,DF,Celta Vigo,La Liga,23-271,2001,3.8,7,4,4,3,0,4,7,57.1,3,4,4,0,4,11,22,0
Israel Domínguez,ESP,FW,Sevilla,La Liga,21-185,2003,0.2,0,0,0,0,0,0,0,,0,0,0,0,0,0,0,0
Nicolás Domínguez,ARG,"MF,FW",Nott'ham Forest,Premier League,26-133,1998,5.0,17,7,5,9,3,9,17,52.9,8,12,3,9,8,25,9,0
Sergi Dominguez,ESP,DF,Barcelona,La Liga,19-221,2005,1.9,1,1,1,0,0,0,0,,0,0,0,0,3,4,7,0
Gianluigi Donnarumma,ITA,GK,Paris S-G,Ligue 1,25-257,1999,7.0,0,0,0,0,0,0,0,,0,0,0,0,0,0,1,0
Patrick Dorgu,DEN,"FW,DF",Lecce,Serie A,20-013,2004,9.4,19,10,9,7,3,11,22,50.0,11,10,3,7,12,31,17,0
Niklas Dorsch,GER,MF,Augsburg,Bundesliga,26-298,1998,0.4,0,0,0,0,0,0,0,,0,1,0,1,0,0,0,0
Niklas Dorsch,GER,MF,Heidenheim,Bundesliga,26-298,1998,2.9,4,2,2,2,0,1,3,33.3,2,5,0,5,2,6,2,0
Alberto Dossena,ITA,DF,Como,Serie A,26-026,1998,10.6,15,8,12,3,0,6,11,54.5,5,8,5,3,11,26,52,1
Abdoulaye Doucouré,MLI,MF,Everton,Premier League,31-312,1993,6.3,12,6,7,5,0,4,4,100.0,0,10,3,7,3,15,5,0
Cheick Doucouré,MLI,MF,Crystal Palace,Premier League,24-305,2000,1.2,6,3,1,4,1,1,4,25.0,3,2,0,2,2,8,1,0
Désiré Doué,FRA,FW,Paris S-G,Ligue 1,19-158,2005,3.1,3,2,1,2,0,1,8,12.5,7,3,0,3,0,3,1,0
Guela Doué,CIV,DF,Strasbourg,Ligue 1,22-022,2002,9.0,19,14,11,3,5,12,15,80.0,3,10,0,10,14,33,43,0
Douglas,BRA,MF,Nantes,Ligue 1,27-300,1997,7.4,19,11,8,7,4,5,11,45.5,6,11,2,9,4,23,11,0
Ismaël Doukouré,FRA,MF,Strasbourg,Ligue 1,21-107,2003,8.5,15,6,6,9,0,8,8,100.0,0,12,3,9,8,23,21,2
Issa Doumbia,CIV,MF,Venezia,Serie A,21-023,2003,1.6,3,1,1,2,0,3,4,75.0,1,3,1,2,1,4,2,0
Kamory Doumbia,MLI,"MF,FW",Brest,Ligue 1,21-264,2003,3.4,12,7,4,6,2,7,14,50.0,7,4,0,4,6,18,4,0
Anastasios Douvikas,GRE,FW,Celta Vigo,La Liga,25-098,1999,5.1,6,1,2,4,0,2,4,50.0,2,4,2,2,3,9,5,0
Artem Dovbyk,UKR,FW,Roma,Serie A,27-140,1997,9.6,1,1,0,0,1,0,1,0.0,1,4,1,3,1,2,3,0
Flynn Downes,ENG,MF,Southampton,Premier League,25-293,1999,10.0,23,12,12,9,2,6,19,31.6,13,16,3,13,15,38,15,2
Tommy Doyle,ENG,MF,Wolves,Premier League,23-022,2001,3.0,3,1,0,3,0,2,5,40.0,3,3,1,2,2,5,5,0
Radu Drăgușin,ROU,DF,Tottenham,Premier League,22-279,2002,2.1,1,0,1,0,0,1,1,100.0,0,3,2,1,2,3,5,0
Patrick Drewes,GER,GK,Bochum,Bundesliga,31-278,1993,9.0,0,0,0,0,0,0,1,0.0,1,0,0,0,0,0,8,1
Tim Drexler,GER,DF,Hoffenheim,Bundesliga,19-247,2005,3.8,17,7,11,6,0,9,12,75.0,3,6,4,2,1,18,8,0
Marvin Ducksch,GER,FW,Werder Bremen,Bundesliga,30-246,1994,8.1,5,3,1,3,1,1,7,14.3,6,2,0,2,2,7,12,0
Ondrej Duda,SVK,MF,Hellas Verona,Serie A,29-339,1994,6.9,8,5,3,5,0,5,13,38.5,8,5,2,3,7,15,4,1
Denzel Dumfries,NED,DF,Inter,Serie A,28-204,1996,4.3,5,4,1,2,2,2,5,40.0,3,3,0,3,2,7,4,0
Alfred Duncan,GHA,MF,Venezia,Serie A,31-243,1993,6.6,12,5,3,8,1,3,8,37.5,5,4,2,2,7,19,4,0
Lewis Dunk,ENG,DF,Brighton,Premier League,32-353,1991,7.8,3,1,3,0,0,1,1,100.0,0,9,5,4,7,10,20,0
Jhon Durán,COL,FW,Aston Villa,Premier League,20-331,2003,2.9,5,4,1,0,4,1,3,33.3,2,3,0,3,0,5,6,0
Pablo Durán,ESP,"FW,MF",Celta Vigo,La Liga,23-167,2001,2.1,3,2,0,2,1,2,4,50.0,2,1,1,0,2,5,2,0
Julien Duranville,BEL,FW,Dortmund,Bundesliga,18-187,2006,0.3,0,0,0,0,0,0,0,,0,0,0,0,0,0,0,0
Hugo Duro,ESP,FW,Valencia,La Liga,24-364,1999,7.8,7,5,3,3,1,2,2,100.0,0,6,1,5,6,13,5,0
Jean-Kevin Duverne,HAI,DF,Nantes,Ligue 1,27-119,1997,3.6,12,9,6,3,3,10,20,50.0,10,6,0,6,4,16,15,0
Paulo Dybala,ARG,"FW,MF",Roma,Serie A,30-359,1993,5.9,9,4,1,5,3,4,6,66.7,2,4,0,4,1,10,0,0
Stefan Džodić,SRB,DF,Montpellier,Ligue 1,19-238,2005,1.9,5,2,3,2,0,3,5,60.0,2,2,1,1,4,9,7,0
Adam Dźwigała,POL,"MF,DF",St. Pauli,Bundesliga,29-044,1995,1.1,8,3,7,1,0,5,7,71.4,2,0,0,0,0,8,4,0
Aron Dønnum,NOR,"DF,MF",Toulouse,Ligue 1,26-202,1998,7.1,7,4,2,5,0,2,12,16.7,10,4,2,2,4,11,11,0
Enzo Ebosse,CMR,DF,Udinese,Serie A,25-242,1999,0.5,0,0,0,0,0,0,0,,0,2,2,0,0,0,0,0
Ederson,BRA,GK,Manchester City,Premier League,31-083,1993,10.0,0,0,0,0,0,0,0,,0,0,0,0,1,1,3,1
Éderson,BRA,MF,Atalanta,Serie A,25-124,1999,10.0,10,8,3,6,1,5,9,55.6,4,4,1,3,11,21,10,0
George Edmundson,ENG,DF,Ipswich Town,Premier League,27-069,1997,0.0,0,0,0,0,0,0,0,,0,0,0,0,0,0,0,0
Odsonne Édouard,FRA,"MF,FW",Crystal Palace,Premier League,26-297,1998,1.3,1,0,0,1,0,0,2,0.0,2,1,0,1,0,1,1,0
Odsonne Édouard,FRA,FW,Leicester City,Premier League,26-297,1998,0.3,0,0,0,0,0,0,0,,0,0,0,0,0,0,1,0
Samuel Edozie,ENG,"DF,FW",Southampton,Premier League,21-285,2003,0.7,3,1,0,1,2,2,2,100.0,0,0,0,0,0,3,0,0
Johannes Eggestein,GER,FW,St. Pauli,Bundesliga,26-184,1998,8.2,0,0,0,0,0,0,1,0.0,1,1,0,1,0,0,3,0
Maximilian Eggestein,GER,MF,Freiburg,Bundesliga,27-336,1996,7.4,11,6,2,7,2,5,9,55.6,4,7,0,7,13,24,8,0
Kingsley Ehizibue,NED,DF,Udinese,Serie A,29-167,1995,10.2,18,11,13,5,0,9,18,50.0,9,11,4,7,9,27,24,1
Chidera Ejuke,NGA,"FW,MF",Sevilla,La Liga,26-311,1998,6.0,5,3,0,3,2,3,9,33.3,6,6,0,6,1,6,2,0
Jeff Ekhator,ITA,"FW,MF",Genoa,Serie A,17-363,2006,4.0,0,0,0,0,0,0,0,,0,3,0,3,0,0,1,0
Hugo Ekitike,FRA,FW,Eint Frankfurt,Bundesliga,22-141,2002,6.7,4,1,2,1,1,2,3,66.7,1,4,0,4,4,8,5,0
Jurgen Ekkelenkamp,NED,MF,Udinese,Serie A,24-217,2000,3.5,6,4,1,5,0,4,5,80.0,1,5,0,5,3,9,4,0
Jacques Ekomie,GAB,DF,Angers,Ligue 1,21-081,2003,2.5,5,5,2,2,1,2,4,50.0,2,6,0,6,2,7,6,0
Emmanuel Ekong,SWE,"MF,FW",Empoli,Serie A,22-136,2002,1.1,3,2,0,2,1,2,2,100.0,0,1,0,1,1,4,1,0
Caleb Ekuban,GHA,FW,Genoa,Serie A,30-230,1994,2.3,1,1,0,1,0,0,0,,0,2,0,2,0,1,3,0
Pierre Ekwah Elimby,FRA,MF,Saint-Étienne,Ligue 1,22-298,2002,7.0,13,8,7,6,0,9,15,60.0,6,8,4,4,10,23,23,0
Anthony Elanga,SWE,FW,Nott'ham Forest,Premier League,22-195,2002,6.2,3,2,0,2,1,1,4,25.0,3,4,0,4,3,6,8,0
Mikael Ellertsson,ISL,"MF,DF",Venezia,Serie A,22-242,2002,7.4,10,5,3,5,2,3,8,37.5,5,8,2,6,2,12,18,0
Harvey Elliott,ENG,FW,Liverpool,Premier League,21-218,2003,0.1,0,0,0,0,0,0,0,,0,0,0,0,0,0,0,0
Elif Elmas,MKD,MF,RB Leipzig,Bundesliga,25-045,1999,0.5,3,1,3,0,0,1,3,33.3,2,2,0,2,0,3,2,0
Aritz Elustondo,ESP,DF,Real Sociedad,La Liga,30-225,1994,2.7,4,2,2,1,1,1,1,100.0,0,6,5,1,1,5,8,0
Nico Elvedi,SUI,DF,Gladbach,Bundesliga,28-039,1996,5.5,10,5,5,2,3,6,6,100.0,0,10,8,2,8,18,19,0
Adri Embarba,ESP,"FW,MF",Rayo Vallecano,La Liga,32-185,1992,6.4,12,5,6,5,1,7,13,53.8,6,4,0,4,4,16,4,0
Breel Embolo,SUI,FW,Monaco,Ligue 1,27-268,1997,6.0,3,2,1,1,1,1,5,20.0,4,1,0,1,1,4,3,0
Emanuel Emegha,NED,FW,Strasbourg,Ligue 1,21-279,2003,7.1,4,4,0,2,2,1,1,100.0,0,6,4,2,0,4,8,0
Emerson,BRA,DF,Milan,Serie A,25-299,1999,6.7,14,10,8,4,2,8,15,53.3,7,5,2,3,5,19,18,0
Yunus Emre Konak,TUR,"MF,FW",Brentford,Premier League,18-303,2006,0.2,1,1,0,1,0,0,1,0.0,1,0,0,0,0,1,0,0
Julio Enciso,PAR,"MF,FW",Brighton,Premier League,20-290,2004,1.0,0,0,0,0,0,0,1,0.0,1,1,0,1,0,0,0,0
Wataru Endo,JPN,MF,Liverpool,Premier League,31-273,1993,0.2,3,2,0,3,0,2,2,100.0,0,1,0,1,0,3,1,0
Endrick,BRA,FW,Real Madrid,La Liga,18-110,2006,0.5,0,0,0,0,0,0,1,0.0,1,0,0,0,1,1,0,0
Yannik Engelhardt,GER,MF,Como,Serie A,23-275,2001,3.1,5,3,2,2,1,4,7,57.1,3,0,0,0,4,9,1,0
Arne Engels,BEL,"MF,FW",Augsburg,Bundesliga,21-061,2003,0.9,0,0,0,0,0,0,0,,0,1,1,0,0,0,0,0
Christian Eriksen,DEN,MF,Manchester Utd,Premier League,32-268,1992,4.8,7,2,0,5,2,4,9,44.4,5,3,1,2,2,9,4,0
Martin Erlic,CRO,DF,Bologna,Serie A,26-289,1998,2.5,2,0,0,2,0,1,2,50.0,1,5,4,1,1,3,5,0
Patrick Erras,GER,DF,Holstein Kiel,Bundesliga,29-292,1995,6.2,5,4,4,1,0,1,7,14.3,6,8,6,2,5,10,48,0
Alfonso Espino,URU,DF,Rayo Vallecano,La Liga,32-308,1992,3.4,16,9,10,5,1,9,20,45.0,11,6,2,4,7,23,7,0
Sebastiano Esposito,ITA,"FW,MF",Empoli,Serie A,22-129,2002,6.0,16,9,5,9,2,8,15,53.3,7,4,1,3,5,21,2,0
Samuel Essende,COD,FW,Augsburg,Bundesliga,26-290,1998,4.7,0,0,0,0,0,0,0,,0,4,1,3,0,0,1,0
Dario Essugo,POR,MF,Las Palmas,La Liga,19-239,2005,6.6,17,13,10,4,3,8,12,66.7,4,6,4,2,16,33,16,3
Nahuel Estévez,ARG,MF,Parma,Serie A,28-360,1995,2.3,3,1,3,0,0,1,6,16.7,5,3,2,1,2,5,8,0
Pervis Estupiñán,ECU,DF,Brighton,Premier League,26-292,1998,4.8,13,9,8,4,1,4,7,57.1,3,2,1,1,9,22,17,0
Evanilson,BRA,FW,Bournemouth,Premier League,25-033,1999,6.9,4,2,0,1,3,2,3,66.7,1,4,1,3,0,4,6,0
Jonny Evans,NIR,DF,Manchester Utd,Premier League,36-310,1988,2.2,7,5,4,3,0,2,2,100.0,0,2,1,1,1,8,8,0
Eberechi Eze,ENG,"MF,FW",Crystal Palace,Premier League,26-132,1998,9.0,15,8,6,7,2,6,14,42.9,8,6,0,6,3,18,3,1
Abde Ezzalzouli,MAR,"FW,MF",Betis,La Liga,22-327,2001,9.4,16,11,10,6,0,5,9,55.6,4,11,1,10,4,20,5,0
Giovanni Fabbian,ITA,MF,Bologna,Serie A,21-299,2003,3.9,6,5,1,2,3,3,6,50.0,3,0,0,0,1,7,4,0
Łukasz Fabiański,POL,GK,West Ham,Premier League,39-204,1985,2.5,0,0,0,0,0,0,1,0.0,1,0,0,0,0,0,2,0
Alieu Fadera,GAM,FW,Como,Serie A,23-005,2001,7.6,25,21,11,8,6,8,23,34.8,15,7,1,6,3,28,3,0
Wout Faes,BEL,DF,Leicester City,Premier League,26-219,1998,10.0,14,10,11,2,1,7,17,41.2,10,24,17,7,5,19,57,2
Nicolò Fagioli,ITA,MF,Juventus,Serie A,23-270,2001,4.9,10,7,6,3,1,5,7,71.4,2,1,0,1,2,12,3,0
Romain Faivre,FRA,"FW,MF",Brest,Ligue 1,26-117,1998,3.8,6,6,2,3,1,2,6,33.3,4,1,0,1,3,9,2,0
Wladimiro Falcone,ITA,GK,Lecce,Serie A,29-210,1995,11.0,0,0,0,0,0,0,0,,0,0,0,0,0,0,8,1
Davide Faraoni,ITA,"DF,MF",Hellas Verona,Serie A,33-014,1991,0.5,1,1,0,1,0,0,2,0.0,2,1,1,0,0,1,2,1
Abdul Fatawu Issahaku,GHA,"FW,DF",Leicester City,Premier League,20-245,2004,5.4,20,15,13,1,6,11,19,57.9,8,5,0,5,4,24,11,0
Ansu Fati,ESP,FW,Barcelona,La Liga,22-008,2002,1.2,0,0,0,0,0,0,0,,0,0,0,0,0,0,0,1
Khalil Fayad,FRA,"MF,FW",Montpellier,Ligue 1,20-152,2004,2.8,14,7,5,9,0,5,8,62.5,3,4,0,4,1,15,4,0
Jacopo Fazzini,ITA,MF,Empoli,Serie A,21-237,2003,6.1,16,9,8,7,1,9,13,69.2,4,7,1,6,2,18,10,0
Peter Federico,DOM,"MF,FW",Getafe,La Liga,22-106,2002,2.6,5,2,1,2,2,3,3,100.0,0,3,0,3,0,5,3,0
Nabil Fekir,FRA,MF,Betis,La Liga,31-113,1993,2.0,3,2,1,1,1,1,2,50.0,1,2,0,2,0,3,0,0
Mattia Felici,ITA,"MF,DF",Cagliari,Serie A,23-205,2001,0.8,0,0,0,0,0,0,2,0.0,2,0,0,0,4,4,0,0
João Félix,POR,"MF,FW",Chelsea,Premier League,24-364,1999,1.4,2,0,1,0,1,1,2,50.0,1,1,0,1,1,3,2,0
Kiko Femenía,ESP,DF,Villarreal,La Liga,33-280,1991,11.0,22,13,16,5,1,15,28,53.6,13,14,7,7,17,39,21,0
Evan Ferguson,IRL,FW,Brighton,Premier League,20-020,2004,1.2,1,1,0,1,0,0,1,0.0,1,2,1,1,0,1,1,0
Lewis Ferguson,SCO,MF,Bologna,Serie A,25-076,1999,0.1,0,0,0,0,0,0,0,,0,0,0,0,0,0,0,0
Zinedine Ferhat,ALG,"FW,MF",Angers,Ligue 1,31-252,1993,2.3,1,0,0,1,0,0,2,0.0,2,1,0,1,2,3,2,0
Bruno Fernandes,POR,"MF,FW",Manchester Utd,Premier League,30-061,1994,9.3,24,15,6,14,4,8,22,36.4,14,9,1,8,7,31,12,0
Edimilson Fernandes,SUI,MF,Brest,Ligue 1,28-207,1996,2.2,2,2,1,1,0,2,3,66.7,1,5,2,3,5,7,6,0
Mateus Fernandes,POR,MF,Southampton,Premier League,20-121,2004,6.9,23,13,10,10,3,5,14,35.7,9,9,1,8,5,28,12,1
Álvaro Fernández,ESP,GK,Sevilla,La Liga,26-209,1998,1.3,0,0,0,0,0,0,0,,0,0,0,0,0,0,1,0
Enzo Fernández,ARG,MF,Chelsea,Premier League,23-296,2001,6.5,18,7,4,7,7,9,23,39.1,14,7,1,6,2,20,6,2
Valery Fernández,ESP,"MF,FW",Mallorca,La Liga,24-351,1999,1.4,3,3,1,0,2,2,4,50.0,2,2,1,1,0,3,1,0
Matias Fernandez-Pardo,BEL,FW,Lille,Ligue 1,19-279,2005,1.2,5,3,3,2,0,4,5,80.0,1,2,0,2,1,6,2,0
Jordan Ferri,FRA,MF,Montpellier,Ligue 1,32-241,1992,5.5,10,7,3,7,0,7,11,63.6,4,4,0,4,2,12,3,0
Karol Fila,POL,MF,Strasbourg,Ligue 1,26-148,1998,0.1,0,0,0,0,0,0,0,,0,0,0,0,0,0,0,0
Kilian Fischer,GER,DF,Wolfsburg,Bundesliga,24-027,2000,6.8,17,13,12,3,2,13,33,39.4,20,13,0,13,7,24,26,2
Mark Flekken,NED,GK,Brentford,Premier League,31-148,1993,10.0,1,1,1,0,0,1,2,50.0,1,0,0,0,0,1,11,0
Mateo Flores,ESP,MF,Betis,La Liga,20-215,2004,0.3,0,0,0,0,0,0,0,,0,0,0,0,0,0,1,0
Phil Foden,ENG,"MF,FW",Manchester City,Premier League,24-164,2000,4.1,0,0,0,0,0,0,3,0.0,3,3,1,2,3,3,2,0
Malick Fofana,BEL,FW,Lyon,Ligue 1,19-222,2005,5.7,7,4,4,3,0,4,4,100.0,0,5,0,5,2,9,3,0
Wesley Fofana,FRA,DF,Chelsea,Premier League,23-327,2000,8.6,10,9,4,6,0,4,9,44.4,5,13,8,5,12,22,39,1
Yahia Fofana,CIV,GK,Angers,Ligue 1,24-079,2000,10.0,0,0,0,0,0,0,1,0.0,1,0,0,0,0,0,11,0
Youssouf Fofana,FRA,MF,Milan,Serie A,25-303,1999,7.8,12,7,3,8,1,6,12,50.0,6,4,1,3,8,20,11,1
Jonas Föhrenbach,GER,"DF,FW",Heidenheim,Bundesliga,28-287,1996,9.0,14,10,7,6,1,7,10,70.0,3,8,2,6,8,22,22,0
Michael Folorunsho,ITA,"FW,MF",Napoli,Serie A,26-275,1998,0.3,2,1,0,2,0,2,4,50.0,2,0,0,0,0,2,0,1
Lamine Fomba,FRA,MF,Saint-Étienne,Ligue 1,26-287,1998,0.8,2,1,1,1,0,1,2,50.0,1,4,1,3,2,4,3,1
Carlos Forbs,POR,"MF,FW",Wolves,Premier League,20-234,2004,2.0,6,5,3,2,1,4,5,80.0,1,3,0,3,0,6,2,1
Pablo Fornals,ESP,"MF,FW",Betis,La Liga,28-260,1996,9.8,11,7,5,5,1,4,14,28.6,10,16,0,16,12,23,8,1
Omari Forson,ENG,"MF,DF",Monza,Serie A,20-111,2004,0.3,0,0,0,0,0,0,0,,0,2,0,2,0,0,0,0
Héctor Fort,ESP,DF,Barcelona,La Liga,18-098,2006,2.1,3,2,1,2,0,3,5,60.0,2,2,0,2,1,4,5,0
Dimitri Foulquier,FRA,DF,Valencia,La Liga,31-230,1993,5.4,17,12,8,6,3,9,13,69.2,4,5,0,5,1,18,9,1
Alejandro Francés,ESP,DF,Girona,La Liga,22-099,2002,6.2,19,13,11,7,1,16,22,72.7,6,6,2,4,9,28,19,0
Przemysław Frankowski,POL,DF,Lens,Ligue 1,29-210,1995,5.5,10,7,6,3,1,7,12,58.3,5,5,0,5,0,10,10,0
Enric Franquesa,ESP,"DF,FW",Leganés,La Liga,27-256,1997,6.1,16,9,8,6,2,8,10,80.0,2,7,1,6,4,20,12,0
Ryan Fraser,SCO,FW,Southampton,Premier League,30-258,1994,1.6,5,2,1,4,0,4,5,80.0,1,0,0,0,0,5,4,0
Davide Frattesi,ITA,MF,Inter,Serie A,25-017,1999,6.1,7,3,3,4,0,5,10,50.0,5,4,2,2,2,9,2,1
Morten Frendrup,DEN,MF,Genoa,Serie A,23-215,2001,10.5,32,21,8,13,11,11,22,50.0,11,17,7,10,15,47,16,0
Martin Frese,DEN,DF,Hellas Verona,Serie A,26-309,1998,3.7,13,7,6,7,0,5,8,62.5,3,2,1,1,6,19,14,1
Remo Freuler,SUI,MF,Bologna,Serie A,32-207,1992,9.9,27,15,15,8,4,14,22,63.6,8,12,2,10,6,33,17,1
Marco Friedl,AUT,DF,Werder Bremen,Bundesliga,26-237,1998,6.7,16,11,10,6,0,9,13,69.2,4,13,6,7,12,28,36,0
Marvin Friedrich,GER,DF,Gladbach,Bundesliga,28-331,1995,3.5,3,0,3,0,0,2,3,66.7,1,5,5,0,2,5,16,0
Jeremie Frimpong,NED,"DF,MF",Leverkusen,Bundesliga,23-334,2000,7.4,9,8,5,2,2,5,12,41.7,7,8,0,8,5,14,4,0
Jorge de Frutos,ESP,"MF,FW",Rayo Vallecano,La Liga,27-262,1997,8.7,15,10,6,4,5,7,21,33.3,14,4,0,4,5,20,10,0
Chris Führich,GER,"MF,FW",Stuttgart,Bundesliga,26-304,1998,3.1,3,2,1,1,1,3,7,42.9,4,0,0,0,0,3,6,0
Angelo Fulgini,FRA,"MF,FW",Lens,Ligue 1,28-080,1996,3.7,3,3,1,0,2,2,3,66.7,1,6,1,5,0,3,2,0
Niclas Füllkrug,GER,FW,West Ham,Premier League,31-273,1993,0.7,0,0,0,0,0,0,0,,0,0,0,0,0,0,2,0
Manuel Fuster,ESP,"FW,MF",Las Palmas,La Liga,27-017,1997,2.3,3,0,0,3,0,3,7,42.9,4,2,0,2,1,4,3,0
Matteo Gabbia,ITA,DF,Milan,Serie A,25-018,1999,4.0,2,0,0,1,1,0,1,0.0,1,4,2,2,2,4,11,1
Alessandro Gabrielloni,ITA,"FW,MF",Como,Serie A,30-121,1994,0.9,0,0,0,0,0,0,3,0.0,3,0,0,0,0,0,0,0
Gianluca Gaetano,ITA,"MF,FW",Cagliari,Serie A,24-187,2000,3.8,5,3,2,3,0,3,8,37.5,5,3,0,3,2,7,4,0
Roberto Gagliardini,ITA,"MF,DF",Monza,Serie A,30-215,1994,1.1,1,0,0,1,0,0,2,0.0,2,0,0,0,1,2,4,0
Cody Gakpo,NED,FW,Liverpool,Premier League,25-185,1999,4.4,9,5,4,3,2,6,8,75.0,2,6,0,6,4,13,5,0
Javi Galán,ESP,DF,Atlético Madrid,La Liga,29-355,1994,3.5,8,5,5,2,1,6,13,46.2,7,4,1,3,3,11,2,0
Iñigo Ruiz de Galarreta,ESP,MF,Athletic Club,La Liga,31-094,1993,4.8,9,7,5,4,0,5,8,62.5,3,3,1,2,3,12,2,0
Conor Gallagher,ENG,MF,Atlético Madrid,La Liga,24-276,2000,6.6,19,13,6,10,3,8,16,50.0,8,8,1,7,7,26,10,0
Antonino Gallo,ITA,DF,Lecce,Serie A,24-308,2000,9.4,23,14,15,5,3,7,15,46.7,8,9,1,8,8,31,36,0
Cristian Gamboa,CRC,DF,Bochum,Bundesliga,35-015,1989,1.0,1,1,1,0,0,1,1,100.0,0,0,0,0,0,1,2,0
Idrissa Gana Gueye,SEN,MF,Everton,Premier League,35-043,1989,7.2,28,16,17,6,5,11,16,68.8,5,11,2,9,11,39,7,0
Ignatius Ganago,CMR,"FW,MF",Nantes,Ligue 1,25-266,1999,1.1,1,1,0,1,0,1,1,100.0,0,1,0,1,2,3,0,0
Aleix García,ESP,MF,Leverkusen,Bundesliga,27-133,1997,2.7,3,0,1,1,1,2,4,50.0,2,2,0,2,2,5,3,0
Álvaro García,ESP,"MF,FW",Rayo Vallecano,La Liga,32-012,1992,6.0,13,9,9,3,1,5,10,50.0,5,4,0,4,10,23,10,0
Eric García,ESP,MF,Barcelona,La Liga,23-304,2001,4.9,10,4,2,6,2,4,6,66.7,2,8,3,5,4,14,9,0
Fran Garcia,ESP,DF,Real Madrid,La Liga,25-086,1999,3.6,6,5,3,1,2,2,4,50.0,2,3,2,1,3,9,5,0
Joan García,ESP,GK,Espanyol,La Liga,23-188,2001,12.0,0,0,0,0,0,0,0,,0,0,0,0,0,0,4,3
Rubén García,ESP,"FW,MF",Osasuna,La Liga,31-117,1993,6.8,13,10,6,5,2,9,15,60.0,6,12,1,11,7,20,10,0
Ulisses Garcia,SUI,DF,Marseille,Ligue 1,28-302,1996,2.2,5,4,3,1,1,3,10,30.0,7,3,0,3,0,5,6,0
Alejandro Garnacho,ARG,FW,Manchester Utd,Premier League,20-130,2004,7.6,11,9,4,3,4,3,11,27.3,8,4,0,4,5,16,5,1
James Garner,ENG,"DF,MF",Everton,Premier League,23-240,2001,2.8,10,8,6,4,0,7,10,70.0,3,2,2,0,4,14,9,0
Yarek Gasiorowski,ESP,DF,Valencia,La Liga,19-301,2005,3.2,7,5,6,1,0,4,7,57.1,3,6,3,3,3,10,17,0
Federico Gatti,ITA,DF,Juventus,Serie A,26-137,1998,7.9,9,6,7,2,0,7,9,77.8,2,11,8,3,8,17,21,0
Gavi,ESP,MF,Barcelona,La Liga,20-095,2004,0.2,2,1,1,1,0,2,2,100.0,0,2,0,2,0,2,1,0
Paulo Gazzaniga,ARG,GK,Girona,La Liga,32-311,1992,12.0,1,1,1,0,0,1,1,100.0,0,0,0,0,0,1,3,0
Jean-Philippe Gbamin,CIV,MF,Nantes,Ligue 1,29-044,1995,2.0,2,1,0,2,0,1,3,33.3,2,4,1,3,3,5,2,0
Yann Gboho,FRA,"FW,MF",Toulouse,Ligue 1,23-299,2001,9.5,9,4,1,6,2,3,9,33.3,6,7,0,7,1,10,1,0
David de Gea,ESP,GK,Fiorentina,Serie A,34-001,1990,8.0,0,0,0,0,0,0,0,,0,0,0,0,0,0,1,0
Lutsharel Geertruida,NED,DF,RB Leipzig,Bundesliga,24-113,2000,6.1,14,8,8,6,0,7,16,43.8,9,6,1,5,5,19,18,1
Dennis Geiger,GER,MF,Hoffenheim,Bundesliga,26-151,1998,1.9,6,5,2,3,1,3,5,60.0,2,1,0,1,1,7,0,0
Valentin Gendrey,FRA,DF,Lecce,Serie A,24-140,2000,2.0,2,2,1,0,1,1,1,100.0,0,3,1,2,2,4,1,0
Valentin Gendrey,FRA,DF,Hoffenheim,Bundesliga,24-140,2000,4.9,11,5,7,3,1,4,7,57.1,3,5,2,3,5,16,18,0
Denis Genreau,AUS,"MF,FW",Toulouse,Ligue 1,25-171,1999,0.4,0,0,0,0,0,0,1,0.0,1,0,0,0,0,0,0,0
Yannick Gerhardt,GER,"MF,DF",Wolfsburg,Bundesliga,30-240,1994,2.4,5,4,3,2,0,2,4,50.0,2,5,0,5,4,9,4,0
Max Geschwill,GER,DF,Holstein Kiel,Bundesliga,23-124,2001,5.7,9,8,4,5,0,6,8,75.0,2,6,4,2,10,19,16,0
Daniele Ghilardi,ITA,DF,Hellas Verona,Serie A,21-307,2003,4.0,5,3,2,3,0,4,7,57.1,3,5,3,2,4,9,20,0
Lautaro Gianetti,ARG,DF,Udinese,Serie A,30-361,1993,5.1,9,5,8,0,1,3,8,37.5,5,10,3,7,10,19,19,0
Dimitris Giannoulis,GRE,DF,Augsburg,Bundesliga,29-022,1995,8.8,16,11,8,7,1,14,21,66.7,7,16,5,11,14,30,21,0
Morgan Gibbs-White,ENG,MF,Nott'ham Forest,Premier League,24-286,2000,6.3,11,3,2,7,2,1,3,33.3,2,2,1,1,4,15,5,0
Samuel Gigot,FRA,DF,Lazio,Serie A,31-027,1993,0.2,0,0,0,0,0,0,1,0.0,1,1,0,1,1,1,1,0
Armin Gigovic,BIH,MF,Holstein Kiel,Bundesliga,22-216,2002,5.2,9,5,5,3,1,2,10,20.0,8,4,0,4,6,15,11,0
Bryan Gil,ESP,"FW,MF",Girona,La Liga,23-271,2001,6.8,15,10,6,5,4,8,15,53.3,7,8,0,8,3,18,4,1
Mario Gila,ESP,DF,Lazio,Serie A,24-071,2000,7.9,15,11,10,5,0,10,17,58.8,7,6,4,2,6,21,34,0
Billy Gilmour,SCO,MF,Brighton,Premier League,23-150,2001,1.1,3,3,2,1,0,3,4,75.0,1,1,0,1,0,3,1,0
Billy Gilmour,SCO,MF,Napoli,Serie A,23-150,2001,3.7,6,2,2,0,4,2,5,40.0,3,4,0,4,2,8,4,0
Benedikt Gimber,GER,DF,Heidenheim,Bundesliga,27-263,1997,8.7,25,16,18,7,0,12,19,63.2,7,19,5,14,9,34,46,0
Gvidas Gineitis,LTU,MF,Torino,Serie A,20-207,2004,2.1,4,1,2,1,1,1,2,50.0,1,1,1,0,3,7,9,0
Matthias Ginter,GER,DF,Freiburg,Bundesliga,30-294,1994,5.7,6,4,3,2,1,3,4,75.0,1,4,3,1,2,8,20,0
Jamie Gittens,ENG,"FW,MF",Dortmund,Bundesliga,20-092,2004,5.6,11,4,2,5,4,4,6,66.7,2,4,0,4,3,14,2,0
Serge Gnabry,GER,"FW,MF",Bayern Munich,Bundesliga,29-117,1995,5.1,6,5,3,1,2,3,7,42.9,4,3,0,3,4,10,3,0
Ben Godfrey,ENG,DF,Atalanta,Serie A,26-298,1998,0.3,0,0,0,0,0,0,1,0.0,1,1,1,0,0,0,0,0
Saba Goglichidze,GEO,DF,Empoli,Serie A,20-136,2004,7.2,18,11,12,6,0,9,14,64.3,5,7,3,4,7,25,23,0
Edoardo Goldaniga,ITA,DF,Como,Serie A,31-006,1993,5.5,8,6,7,0,1,4,4,100.0,0,2,1,1,7,15,21,0
Pierluigi Gollini,ITA,GK,Genoa,Serie A,29-235,1995,7.0,0,0,0,0,0,0,0,,0,1,0,1,0,0,2,1
Aleksandr Golovin,RUS,MF,Monaco,Ligue 1,28-162,1996,6.0,16,11,3,10,3,8,17,47.1,9,6,3,3,4,20,5,0
André Gomes,POR,MF,Lille,Ligue 1,31-101,1993,4.0,4,3,2,1,1,1,5,20.0,4,2,1,1,3,7,2,1
Angel Gomes,ENG,MF,Lille,Ligue 1,24-069,2000,6.5,7,4,3,2,2,1,6,16.7,5,0,0,0,0,7,1,0
João Gomes,BRA,MF,Wolves,Premier League,23-270,2001,9.3,35,20,21,13,1,7,27,25.9,20,10,1,9,8,43,6,0
Rodrigo Gomes,POR,"FW,MF",Wolves,Premier League,21-124,2003,1.3,4,1,2,2,0,1,3,33.3,2,2,0,2,0,4,1,0
Toti Gomes,POR,DF,Wolves,Premier League,25-297,1999,7.2,15,11,11,3,1,6,8,75.0,2,4,2,2,4,19,29,0
Carlos Gómez,COL,"MF,FW",Rennes,Ligue 1,22-057,2002,2.5,3,3,0,3,0,1,4,25.0,3,3,0,3,1,4,0,0
Dani Gómez,ESP,FW,Valencia,La Liga,26-101,1998,4.5,3,2,0,0,3,0,0,,0,1,0,1,2,5,3,0
Joe Gomez,ENG,DF,Liverpool,Premier League,27-169,1997,0.6,5,4,2,3,0,5,6,83.3,1,3,2,1,1,6,3,0
Moi Gómez,ESP,"MF,FW",Osasuna,La Liga,30-138,1994,3.9,8,4,3,4,1,1,3,33.3,2,2,1,1,5,13,3,1
Sergi Gómez,ESP,DF,Espanyol,La Liga,32-225,1992,5.5,5,3,5,0,0,2,2,100.0,0,11,7,4,5,10,28,0
Sergio Gómez,ESP,"MF,DF",Real Sociedad,La Liga,24-065,2000,10.6,27,18,12,12,3,10,21,47.6,11,15,1,14,6,33,9,1
Unai Gómez,ESP,"MF,FW",Athletic Club,La Liga,21-167,2003,3.5,1,1,0,1,0,1,1,100.0,0,1,0,1,1,2,5,0
Fabio González,ESP,MF,Las Palmas,La Liga,27-270,1997,0.5,0,0,0,0,0,0,1,0.0,1,0,0,0,0,0,0,0
Nicolás González,ARG,FW,Juventus,Serie A,26-216,1998,2.5,3,1,1,0,2,1,2,50.0,1,4,1,3,0,3,0,0
Urko González,ESP,MF,Real Sociedad,La Liga,23-233,2001,0.5,0,0,0,0,0,0,0,,0,1,1,0,0,0,0,0
Anthony Gordon,ENG,FW,Newcastle Utd,Premier League,23-258,2001,8.5,11,7,7,3,1,6,10,60.0,4,10,0,10,3,14,1,1
Leon Goretzka,GER,"MF,DF",Bayern Munich,Bundesliga,29-276,1995,0.7,1,0,1,0,0,1,1,100.0,0,3,0,3,0,1,2,0
Andoni Gorosabel,ESP,DF,Athletic Club,La Liga,28-096,1996,3.1,5,1,3,1,1,2,6,33.3,4,3,1,2,0,5,13,0
Robin Gosens,GER,DF,Fiorentina,Serie A,30-126,1994,8.7,17,10,10,3,4,7,8,87.5,1,6,1,5,6,23,28,0
Robin Gosens,GER,DF,Union Berlin,Bundesliga,30-126,1994,1.0,0,0,0,0,0,0,3,0.0,3,1,0,1,1,1,2,0
Mario Götze,GER,"MF,FW",Eint Frankfurt,Bundesliga,32-158,1992,4.1,9,8,4,4,1,3,10,30.0,7,3,0,3,3,12,5,0
Amine Gouiri,ALG,"FW,MF",Rennes,Ligue 1,24-266,2000,6.4,5,2,2,2,1,1,5,20.0,4,5,0,5,1,6,1,0
Jeffrey Gouweleeuw,NED,DF,Augsburg,Bundesliga,33-121,1991,9.0,13,7,5,5,3,9,14,64.3,5,11,5,6,11,24,34,0
Kamil Grabara,POL,GK,Wolfsburg,Bundesliga,25-305,1999,9.0,0,0,0,0,0,0,2,0.0,2,1,0,1,0,0,4,1
Jonathan Gradit,FRA,DF,Lens,Ligue 1,31-350,1992,7.5,16,8,8,7,1,10,17,58.8,7,9,4,5,12,28,24,0
José Gragera,ESP,MF,Espanyol,La Liga,23-344,2000,6.3,25,16,11,14,0,9,17,52.9,8,9,1,8,5,30,13,0
Samuel Grandsir,FRA,"MF,FW",Le Havre,Ligue 1,28-086,1996,0.6,3,3,0,2,1,2,2,100.0,0,2,0,2,0,3,0,0
Alberto Grassi,ITA,MF,Empoli,Serie A,29-246,1995,6.0,13,7,3,8,2,5,6,83.3,1,5,3,2,8,21,8,0
Ryan Gravenberch,NED,MF,Liverpool,Premier League,22-176,2002,10.0,19,13,8,6,5,10,16,62.5,6,14,1,13,17,36,11,0
Archie Gray,ENG,"MF,DF",Tottenham,Premier League,18-241,2006,0.5,2,1,0,0,2,1,3,33.3,2,2,0,2,0,2,2,0
Jack Grealish,ENG,"FW,MF",Manchester City,Premier League,29-059,1995,3.8,5,2,3,0,2,1,3,33.3,2,5,1,4,0,5,3,0
Jacob Greaves,ENG,DF,Ipswich Town,Premier League,24-057,2000,7.0,14,6,6,8,0,7,11,63.6,4,8,6,2,8,22,41,1
Mason Greenwood,ENG,FW,Marseille,Ligue 1,23-038,2001,9.4,8,4,3,3,2,6,14,42.9,8,2,0,2,3,11,5,1
Michael Gregoritsch,AUT,FW,Freiburg,Bundesliga,30-204,1994,0.9,2,1,1,0,1,0,0,,0,0,0,0,0,2,1,0
Dominik Greif,SVK,GK,Mallorca,La Liga,27-216,1997,8.0,0,0,0,0,0,0,0,,0,0,0,0,0,0,3,1
Antoine Griezmann,FRA,"FW,MF",Atlético Madrid,La Liga,33-232,1991,9.9,11,8,7,2,2,4,13,30.8,9,11,0,11,4,15,8,0
Vincenzo Grifo,ITA,FW,Freiburg,Bundesliga,31-215,1993,7.6,4,4,1,2,1,1,9,11.1,8,6,1,5,0,4,4,0
Florian Grillitsch,AUT,MF,Hoffenheim,Bundesliga,29-093,1995,5.7,13,9,5,7,1,7,9,77.8,2,6,2,4,7,20,17,0
Álex Grimaldo,ESP,DF,Leverkusen,Bundesliga,29-049,1995,9.0,8,4,4,2,2,5,16,31.3,11,4,1,3,9,17,9,2
Pascal Groß,GER,"MF,DF",Dortmund,Bundesliga,33-146,1991,7.2,14,9,3,9,2,4,12,33.3,8,8,1,7,3,17,8,1
Brajan Gruda,GER,"MF,DF",Brighton,Premier League,20-161,2004,0.4,3,1,0,3,0,3,4,75.0,1,1,0,1,0,3,1,0
Marco Grüll,AUT,"MF,FW",Werder Bremen,Bundesliga,26-125,1998,3.5,3,2,0,1,2,0,4,0.0,4,5,1,4,1,4,2,0
Albert Grønbaek,DEN,"MF,FW",Rennes,Ligue 1,23-169,2001,6.1,11,5,4,6,1,6,15,40.0,9,6,0,6,3,14,4,0
Vicente Guaita,ESP,GK,Celta Vigo,La Liga,37-303,1987,8.0,0,0,0,0,0,0,0,,0,0,0,0,0,0,2,0
Sergi Guardiola,ESP,FW,Rayo Vallecano,La Liga,33-163,1991,0.7,3,2,0,3,0,0,0,,0,0,0,0,0,3,2,0
Nemanja Gudelj,SRB,"MF,DF",Sevilla,La Liga,32-358,1991,9.0,15,7,5,8,2,4,5,80.0,1,10,3,7,12,27,23,0
Gabriel Gudmundsson,SWE,DF,Lille,Ligue 1,25-193,1999,7.6,14,9,3,8,3,10,17,58.8,7,13,4,9,5,19,14,1
Gonçalo Guedes,POR,"FW,MF",Wolves,Premier League,27-345,1996,1.2,7,2,0,0,7,2,5,40.0,3,4,0,4,2,9,1,0
Axel Gueguin,FRA,FW,Montpellier,Ligue 1,19-229,2005,0.3,1,1,0,1,0,1,1,100.0,0,0,0,0,0,1,0,0
Marc Guéhi,ENG,DF,Crystal Palace,Premier League,24-118,2000,10.0,10,5,8,2,0,6,8,75.0,2,21,11,10,7,17,62,1
Mattéo Guendouzi,FRA,MF,Lazio,Serie A,25-208,1999,10.5,13,6,3,7,3,7,18,38.9,11,7,2,5,13,26,13,0
Javier Guerra,ESP,"MF,FW",Valencia,La Liga,21-312,2003,5.8,13,7,5,6,2,7,12,58.3,5,2,0,2,1,14,12,1
Raphaël Guerreiro,POR,DF,Bayern Munich,Bundesliga,30-322,1993,5.7,9,6,5,2,2,6,7,85.7,1,4,0,4,3,12,7,1
Evann Guessand,CIV,"FW,MF",Nice,Ligue 1,23-130,2001,9.4,9,5,1,7,1,0,0,,0,6,0,6,5,14,5,0
Ander Guevara,ESP,MF,Alavés,La Liga,27-124,1997,7.7,12,7,6,5,1,6,18,33.3,12,9,1,8,5,17,16,1
Pape Gueye,SEN,MF,Villarreal,La Liga,25-289,1999,6.3,14,7,6,5,3,7,8,87.5,1,4,0,4,7,21,14,0
Morgan Guilavogui,GUI,"FW,MF",St. Pauli,Bundesliga,26-243,1998,5.2,12,6,4,7,1,5,7,71.4,2,8,0,8,2,14,8,0
Frederic Guilbert,FRA,DF,Lecce,Serie A,29-320,1994,5.5,15,6,8,6,1,5,8,62.5,3,6,2,4,9,24,15,0
Luis Guilherme,BRA,MF,West Ham,Premier League,18-273,2006,0.1,0,0,0,0,0,0,0,,0,0,0,0,0,0,0,0
Hugo Guillamón,ESP,MF,Valencia,La Liga,24-282,2000,3.5,7,5,0,6,1,5,6,83.3,1,2,1,1,5,12,6,0
Bruno Guimarães,BRA,MF,Newcastle Utd,Premier League,26-358,1997,9.9,26,15,13,9,4,12,20,60.0,8,12,4,8,12,38,9,2
Bahereba Guirassy,FRA,"FW,MF",Nantes,Ligue 1,18-071,2006,0.5,0,0,0,0,0,0,2,0.0,2,2,0,2,0,0,1,0
Serhou Guirassy,GUI,FW,Dortmund,Bundesliga,28-241,1996,6.8,1,1,1,0,0,0,0,,0,1,0,1,1,2,8,0
Marc Guiu,ESP,FW,Chelsea,Premier League,18-309,2006,0.3,0,0,0,0,0,0,0,,0,0,0,0,0,0,0,0
Péter Gulácsi,HUN,GK,RB Leipzig,Bundesliga,34-186,1990,8.5,0,0,0,0,0,0,0,,0,0,0,0,0,0,4,1
Arda Güler,TUR,"MF,FW",Real Madrid,La Liga,19-257,2005,2.8,8,3,3,2,3,4,6,66.7,2,6,0,6,1,9,3,0
Gerard Gumbau,ESP,MF,Rayo Vallecano,La Liga,29-326,1994,3.3,10,8,5,5,0,4,7,57.1,3,4,2,2,1,11,7,0
İlkay Gündoğan,GER,MF,Manchester City,Premier League,34-015,1990,6.2,6,3,1,4,1,3,9,33.3,6,1,0,1,2,8,8,0
Christian Günter,GER,DF,Freiburg,Bundesliga,31-254,1993,8.6,8,6,4,4,0,5,11,45.5,6,8,2,6,2,10,14,0
Jon Guridi,ESP,MF,Alavés,La Liga,29-254,1995,6.9,8,4,3,4,1,4,14,28.6,10,5,0,5,5,13,4,0
Gorka Guruzeta,ESP,FW,Athletic Club,La Liga,28-057,1996,7.2,7,2,0,6,1,4,10,40.0,6,10,1,9,3,10,8,0
Malo Gusto,FRA,DF,Chelsea,Premier League,21-173,2003,7.2,18,12,11,6,1,10,23,43.5,13,13,3,10,9,27,14,1
Miguel Gutiérrez,ESP,DF,Girona,La Liga,23-104,2001,11.0,19,13,8,10,1,6,13,46.2,7,4,2,2,9,28,12,1
Albert Guðmundsson,ISL,MF,Fiorentina,Serie A,27-146,1997,2.2,0,0,0,0,0,0,2,0.0,2,1,0,1,2,2,2,0
Joško Gvardiol,CRO,DF,Manchester City,Premier League,22-290,2002,9.5,18,13,9,5,4,10,13,76.9,3,11,4,7,14,32,26,0
Emmanuel Gyasi,GHA,"DF,FW",Empoli,Serie A,30-302,1994,10.8,15,9,10,5,0,9,13,69.2,4,12,4,8,2,17,31,0
Christian Gytkjær,DEN,FW,Venezia,Serie A,34-186,1990,2.4,1,1,1,0,0,1,2,50.0,1,1,1,0,0,1,3,0
Erling Haaland,NOR,FW,Manchester City,Premier League,24-110,2000,10.0,2,2,0,1,1,1,1,100.0,0,3,0,3,1,3,8,0
Nicolas Haas,SUI,MF,Empoli,Serie A,28-290,1996,2.2,5,3,3,2,0,2,4,50.0,2,2,1,1,3,8,5,0
Janik Haberer,GER,"DF,MF",Union Berlin,Bundesliga,30-220,1994,4.3,8,6,4,3,1,8,15,53.3,7,1,0,1,1,9,7,0
Robin Hack,GER,FW,Gladbach,Bundesliga,26-073,1998,4.3,7,7,3,2,2,5,8,62.5,3,3,0,3,0,7,4,0
Saad El Haddad,MAR,MF,Venezia,Serie A,19-107,2005,0.3,0,0,0,0,0,0,0,,0,0,0,0,0,0,0,0
Munir El Haddadi,MAR,"MF,FW",Leganés,La Liga,29-068,1995,2.4,5,4,1,2,2,0,4,0.0,4,2,0,2,0,5,0,0
Amadou Haidara,MLI,MF,RB Leipzig,Bundesliga,26-282,1998,6.1,13,7,7,6,0,6,12,50.0,6,16,6,10,5,18,25,0
Massadio Haïdara,MLI,DF,Brest,Ligue 1,31-342,1992,3.2,4,2,2,2,0,2,6,33.3,4,3,0,3,3,7,15,0
Antoine Hainaut,FRA,"DF,MF",Parma,Serie A,22-264,2002,3.9,8,6,4,4,0,4,4,100.0,0,4,2,2,4,12,12,0
Mohamed Haj,TUN,MF,Parma,Serie A,19-227,2005,0.7,0,0,0,0,0,0,0,,0,0,0,0,1,1,1,0
Achraf Hakimi,MAR,DF,Paris S-G,Ligue 1,26-004,1998,7.9,15,12,6,6,3,7,11,63.6,4,7,0,7,11,26,5,1
Lewis Hall,ENG,DF,Newcastle Utd,Premier League,20-061,2004,7.7,16,11,6,7,3,11,23,47.8,12,17,10,7,7,23,28,0
Sébastien Haller,CIV,FW,Leganés,La Liga,30-139,1994,4.3,2,0,1,0,1,1,2,50.0,1,1,0,1,0,2,7,0
Ali Al Hamadi,IRQ,FW,Ipswich Town,Premier League,22-252,2002,0.4,1,0,0,0,1,0,1,0.0,1,0,0,0,0,1,2,0
Andreas Hanche-Olsen,NOR,DF,Mainz 05,Bundesliga,27-296,1997,3.3,4,1,1,2,1,0,0,,0,7,6,1,3,7,20,1
Florent Hanin,ALG,DF,Angers,Ligue 1,34-278,1990,7.4,22,17,12,7,3,12,21,57.1,9,3,1,2,13,35,28,2
Ridgeciano Haps,SUR,DF,Venezia,Serie A,31-149,1993,6.0,10,7,8,1,1,5,8,62.5,3,6,1,5,1,11,19,0
Amine Harit,MAR,MF,Marseille,Ligue 1,27-143,1997,5.2,7,6,0,5,2,1,2,50.0,1,6,0,6,3,10,1,1
Marcus Harness,ENG,MF,Ipswich Town,Premier League,28-258,1996,0.5,1,0,0,0,1,0,3,0.0,3,2,1,1,0,1,1,0
Phil Harres,GER,"FW,DF",Holstein Kiel,Bundesliga,22-228,2002,1.1,0,0,0,0,0,0,0,,0,2,0,2,0,0,0,0
Jack Harrison,ENG,FW,Everton,Premier League,27-354,1996,6.9,10,5,5,2,3,5,13,38.5,8,4,0,4,4,14,12,2
Abdou Harroui,NED,"FW,MF",Hellas Verona,Serie A,26-300,1998,2.2,2,2,1,1,0,2,2,100.0,0,1,0,1,0,2,4,0
Taylor Harwood-Bellis,ENG,DF,Southampton,Premier League,22-283,2002,8.6,5,3,4,1,0,3,6,50.0,3,22,14,8,7,12,40,1
Hans Hateboer,NED,"DF,MF",Rennes,Ligue 1,30-304,1994,6.2,12,6,4,4,4,6,11,54.5,5,5,1,4,5,17,12,0
Kai Havertz,GER,FW,Arsenal,Premier League,25-150,1999,10.0,8,6,2,3,3,3,10,30.0,7,13,2,11,5,13,23,1
Jan Paul van Hecke,NED,DF,Brighton,Premier League,24-153,2000,7.1,12,7,9,3,0,6,9,66.7,3,5,4,1,6,18,20,0
Hwang Hee-chan,KOR,"FW,MF",Wolves,Premier League,28-287,1996,2.8,1,0,0,0,1,0,1,0.0,1,5,0,5,1,2,3,0
Dean Henderson,ENG,GK,Crystal Palace,Premier League,27-241,1997,10.0,1,0,1,0,0,1,2,50.0,1,0,0,0,0,1,7,0
Liam Henderson,SCO,MF,Empoli,Serie A,28-197,1996,7.8,9,4,6,3,0,7,16,43.8,9,8,4,4,6,15,13,0
Ramon Hendriks,NED,DF,Stuttgart,Bundesliga,23-113,2001,1.2,3,2,2,1,0,2,2,100.0,0,0,0,0,4,7,7,0
Benjamin Henrichs,GER,DF,RB Leipzig,Bundesliga,27-259,1997,4.7,23,9,12,7,4,12,19,63.2,7,8,1,7,13,36,15,0
Luis Henrique,BRA,"FW,MF",Marseille,Ligue 1,22-330,2001,7.6,2,2,1,1,0,2,2,100.0,0,6,2,4,4,6,5,0
Mads Hermansen,DEN,GK,Leicester City,Premier League,24-120,2000,10.0,1,1,1,0,0,1,1,100.0,0,1,0,1,0,1,7,1
Mario Hermoso,ESP,DF,Roma,Serie A,29-143,1995,1.7,1,0,1,0,0,0,1,0.0,1,1,1,0,3,4,9,0
Javi Hernández,ESP,DF,Leganés,La Liga,26-190,1998,7.7,12,6,5,5,2,5,14,35.7,9,7,1,6,10,22,30,0
Aridane Hernández,ESP,DF,Rayo Vallecano,La Liga,35-230,1989,0.5,0,0,0,0,0,0,0,,0,0,0,0,0,0,5,0
Theo Hernández,FRA,DF,Milan,Serie A,27-033,1997,6.4,7,5,7,0,0,2,4,50.0,2,5,2,3,10,17,16,1
Hernani,BRA,MF,Parma,Serie A,30-226,1994,4.5,10,6,2,6,2,5,11,45.5,6,9,1,8,3,13,2,1
Jorge Herrando,ESP,DF,Osasuna,La Liga,23-254,2001,4.1,2,1,1,1,0,1,2,50.0,1,6,5,1,1,3,16,0
Ander Herrera,ESP,MF,Athletic Club,La Liga,35-086,1989,2.9,8,4,1,7,0,3,6,50.0,3,0,0,0,2,10,9,0
Sergio Herrera,ESP,GK,Osasuna,La Liga,31-156,1993,12.0,1,0,1,0,0,1,1,100.0,0,0,0,0,0,1,11,1
Yangel Herrera,VEN,MF,Girona,La Liga,26-299,1998,8.1,26,15,11,13,2,11,20,55.0,9,7,1,6,11,37,12,0
Juan Herzog,ESP,DF,Las Palmas,La Liga,21-179,2003,4.2,2,2,2,0,0,2,4,50.0,2,4,3,1,4,6,20,0
Son Heung-min,KOR,FW,Tottenham,Premier League,32-123,1992,6.4,4,2,0,3,1,2,10,20.0,8,3,0,3,2,6,5,0
Isak Hien,SWE,DF,Atalanta,Serie A,25-300,1999,6.8,14,7,8,6,0,5,9,55.6,4,13,7,6,14,28,18,1
Omar El Hilali,MAR,DF,Espanyol,La Liga,21-057,2003,11.6,37,24,26,8,3,16,26,61.5,10,12,2,10,12,49,46,0
Piero Hincapié,ECU,DF,Leverkusen,Bundesliga,22-304,2002,7.7,14,12,6,6,2,9,14,64.3,5,16,8,8,8,22,19,0
Jack Hinshelwood,ENG,"MF,DF",Brighton,Premier League,19-211,2005,8.7,11,8,4,5,2,5,10,50.0,5,2,1,1,4,15,14,1
George Hirst,ENG,FW,Ipswich Town,Premier League,25-267,1999,1.8,1,1,1,0,0,0,1,0.0,1,0,0,0,0,1,3,0
Adam Hložek,CZE,"FW,MF",Hoffenheim,Bundesliga,22-106,2002,5.7,7,3,3,1,3,3,7,42.9,4,4,1,3,0,7,6,0
Ki-Jana Hoever,NED,DF,Auxerre,Ligue 1,22-295,2002,6.8,8,7,5,2,1,4,9,44.4,5,10,1,9,5,13,19,0
Nicolas Höfler,GER,MF,Freiburg,Bundesliga,34-244,1990,2.2,5,4,1,4,0,4,6,66.7,2,1,0,1,4,9,10,0
Jonas Hofmann,GER,"MF,DF",Leverkusen,Bundesliga,32-117,1992,1.8,0,0,0,0,0,0,1,0.0,1,2,0,2,0,0,1,0
Philipp Hofmann,GER,FW,Bochum,Bundesliga,31-223,1993,6.6,5,3,2,2,1,2,4,50.0,2,4,0,4,0,5,13,0
Lucas Höler,GER,MF,Freiburg,Bundesliga,30-121,1994,1.4,4,4,1,3,0,1,3,33.3,2,3,1,2,1,5,4,0
Mason Holgate,ENG,"FW,DF",Everton,Premier League,28-017,1996,0.1,0,0,0,0,0,0,0,,0,0,0,0,0,0,0,0
Benedict Hollerbach,GER,"MF,FW",Union Berlin,Bundesliga,23-175,2001,7.1,13,7,4,6,3,7,11,63.6,4,9,0,9,1,14,1,0
Emil Holm,SWE,"DF,MF",Bologna,Serie A,24-179,2000,1.1,4,4,2,2,0,3,5,60.0,2,1,1,0,0,4,2,0
Lewis Holtby,GER,MF,Holstein Kiel,Bundesliga,34-051,1990,5.3,14,6,9,4,1,4,9,44.4,5,4,0,4,10,24,6,1
Gerrit Holtmann,PHI,"DF,FW",Bochum,Bundesliga,29-228,1995,0.8,3,2,2,1,0,1,2,50.0,1,0,0,0,2,5,2,0
Franck Honorat,FRA,FW,Gladbach,Bundesliga,28-089,1996,5.3,4,1,1,1,2,1,3,33.3,2,4,1,3,0,4,8,1
Mathias Honsak,AUT,"MF,FW",Heidenheim,Bundesliga,27-324,1996,1.7,2,2,1,1,0,1,2,50.0,1,1,0,1,1,3,6,0
Dinko Horkaš,CRO,GK,Las Palmas,La Liga,25-243,1999,2.3,0,0,0,0,0,0,0,,0,0,0,0,0,0,2,0
Cédric Hountondji,BEN,DF,Angers,Ligue 1,30-294,1994,3.0,6,4,4,2,0,3,7,42.9,4,3,3,0,4,10,14,0
Ilyes Housni,FRA,FW,Le Havre,Ligue 1,19-178,2005,1.6,5,4,0,3,2,2,4,50.0,2,2,0,2,1,6,1,0
Lukáš Hrádecký,FIN,GK,Leverkusen,Bundesliga,34-350,1989,8.0,0,0,0,0,0,0,0,,0,0,0,0,0,0,2,1
Robin Hranáč,CZE,DF,Hoffenheim,Bundesliga,24-284,2000,1.0,0,0,0,0,0,0,1,0.0,1,1,0,1,2,2,3,1
Callum Hudson-Odoi,ENG,FW,Nott'ham Forest,Premier League,24-001,2000,8.1,9,6,1,5,3,5,7,71.4,2,4,0,4,5,14,4,0
Will Hughes,ENG,MF,Crystal Palace,Premier League,29-205,1995,5.1,17,9,2,9,6,7,17,41.2,10,6,2,4,5,22,3,0
Dean Huijsen,ESP,DF,Bournemouth,Premier League,19-208,2005,2.2,2,1,2,0,0,0,0,,0,2,1,1,3,5,8,0
Mats Hummels,GER,DF,Roma,Serie A,35-328,1988,0.3,0,0,0,0,0,0,0,,0,1,0,1,0,0,4,0
Omari Hutchinson,ENG,"MF,FW",Ipswich Town,Premier League,21-009,2003,8.7,6,3,2,3,1,4,16,25.0,12,9,1,8,3,9,4,0
Elseid Hysaj,ALB,DF,Lazio,Serie A,30-262,1994,0.1,1,1,0,1,0,0,0,,0,0,0,0,0,1,1,0
Hong Hyunseok,KOR,MF,Mainz 05,Bundesliga,25-145,1999,2.8,4,1,2,1,1,0,1,0.0,1,2,1,1,3,7,5,0
Pierre Højbjerg,DEN,"MF,DF",Marseille,Ligue 1,29-095,1995,9.9,25,19,14,11,0,18,32,56.3,14,13,3,10,18,43,18,1
Oscar Højlund,DEN,MF,Eint Frankfurt,Bundesliga,19-309,2005,0.2,2,1,2,0,0,0,0,,0,1,0,1,1,3,0,0
Rasmus Højlund,DEN,FW,Manchester Utd,Premier League,21-278,2003,3.8,1,0,0,0,1,0,1,0.0,1,2,0,2,0,1,1,0
Pablo Ibáñez,ESP,MF,Osasuna,La Liga,26-049,1998,4.5,7,3,4,2,1,3,13,23.1,10,9,3,6,8,15,8,0
Stanis Idumbo,BEL,FW,Sevilla,La Liga,19-132,2005,1.3,4,3,2,1,1,2,3,66.7,1,2,0,2,3,7,0,0
Jay Idzes,IDN,DF,Venezia,Serie A,24-159,2000,8.7,13,8,9,2,2,5,8,62.5,3,14,7,7,5,18,26,0
Iglesias,ESP,DF,Getafe,La Liga,26-128,1998,9.5,29,17,15,12,2,11,29,37.9,18,8,1,7,19,48,38,0
Borja Iglesias,ESP,FW,Celta Vigo,La Liga,31-296,1993,6.9,4,4,1,2,1,0,2,0.0,2,4,1,3,3,7,4,0
Igor,BRA,DF,Brighton,Premier League,26-275,1998,4.3,1,1,0,0,1,1,2,50.0,1,12,6,6,1,2,15,0
Kelechi Iheanacho,NGA,FW,Sevilla,La Liga,28-036,1996,3.1,1,0,0,1,0,1,2,50.0,1,0,0,0,0,1,1,0
Jonathan Ikone,FRA,"FW,MF",Fiorentina,Serie A,26-190,1998,1.9,3,2,3,0,0,1,3,33.3,2,2,0,2,0,3,0,0
George Ilenikhena,FRA,"FW,MF",Monaco,Ligue 1,18-084,2006,3.9,1,1,0,1,0,0,1,0.0,1,0,0,0,1,2,0,0
Ivan Ilić,SRB,MF,Torino,Serie A,23-236,2001,5.9,2,1,0,1,1,0,4,0.0,4,0,0,0,4,6,3,0
Samuel Iling-Junior,ENG,"FW,MF",Bologna,Serie A,21-035,2003,1.0,2,1,1,1,0,0,0,,0,0,0,0,2,4,0,0
Danny Ings,ENG,"FW,MF",West Ham,Premier League,32-108,1992,0.6,1,0,1,0,0,1,1,100.0,0,0,0,0,0,1,1,0
Alessio Iovine,ITA,DF,Como,Serie A,33-281,1991,2.5,1,0,0,1,0,1,3,33.3,2,4,1,3,2,3,17,0
Tim Iroegbunam,ENG,MF,Everton,Premier League,21-131,2003,4.3,18,9,9,4,5,7,12,58.3,5,6,0,6,8,26,5,1
Jackson Irvine,AUS,MF,St. Pauli,Bundesliga,31-246,1993,9.0,17,7,9,6,2,7,16,43.8,9,7,1,6,13,30,24,0
Andy Irving,SCO,MF,West Ham,Premier League,24-179,2000,0.3,3,2,1,1,1,0,3,0.0,3,1,0,1,0,3,2,0
Alexander Isak,SWE,FW,Newcastle Utd,Premier League,25-048,1999,7.5,4,2,0,2,2,3,5,60.0,2,8,1,7,1,5,5,0
Gustav Isaksen,DEN,FW,Lazio,Serie A,23-203,2001,6.8,5,3,1,4,0,1,9,11.1,8,1,0,1,2,7,3,0
Ismaily,BRA,DF,Lille,Ligue 1,34-302,1990,0.9,2,0,0,1,1,0,1,0.0,1,4,0,4,0,2,2,0
Ardian Ismajli,ALB,DF,Empoli,Serie A,28-039,1996,11.0,8,7,6,2,0,3,5,60.0,2,16,12,4,19,27,98,0
Yanis Issoufou,FRA,"FW,MF",Montpellier,Ligue 1,18-011,2006,0.8,5,3,4,1,0,3,5,60.0,2,1,0,1,0,5,1,0
Ko Itakura,JPN,DF,Gladbach,Bundesliga,27-286,1997,9.0,16,12,8,7,1,9,13,69.2,4,8,6,2,8,24,44,0
Junya Ito,JPN,FW,Reims,Ligue 1,31-244,1993,9.7,14,12,4,8,2,4,17,23.5,13,11,0,11,3,17,1,1
Marko Ivezić,SRB,DF,Holstein Kiel,Bundesliga,22-342,2001,5.0,15,9,11,3,1,8,13,61.5,5,9,6,3,8,23,22,0
Alex Iwobi,NGA,FW,Fulham,Premier League,28-189,1996,9.5,15,10,6,6,3,5,8,62.5,3,5,0,5,4,19,13,0
Armando Izzo,ITA,DF,Monza,Serie A,32-251,1992,9.6,17,8,13,4,0,7,13,53.8,6,19,13,6,18,35,31,0
Nicolas Jackson,SEN,FW,Chelsea,Premier League,23-141,2001,8.7,2,2,0,1,1,0,2,0.0,2,8,1,7,1,3,8,0
Lee Jae-sung,KOR,MF,Mainz 05,Bundesliga,32-090,1992,7.5,13,7,3,8,2,4,7,57.1,3,10,1,9,7,20,9,0
Kristijan Jakić,CRO,MF,Augsburg,Bundesliga,27-178,1997,6.4,13,5,4,8,1,5,11,45.5,6,13,2,11,6,19,11,1
Karl Jakob Hein,EST,GK,Valladolid,La Liga,22-209,2002,12.0,0,0,0,0,0,0,1,0.0,1,0,0,0,0,0,9,0
Ismail Jakobs,SEN,DF,Monaco,Ligue 1,25-083,1999,2.0,5,5,3,0,2,3,5,60.0,2,0,0,0,2,7,6,0
Jordan James,WAL,MF,Rennes,Ligue 1,20-129,2004,0.3,2,0,1,0,1,1,3,33.3,2,0,0,0,0,2,1,0
Reece James,ENG,DF,Chelsea,Premier League,24-336,1999,2.6,2,2,2,0,0,1,2,50.0,1,4,2,2,3,5,5,1
Vitaly Janelt,GER,MF,Brentford,Premier League,26-182,1998,9.0,12,9,5,4,3,6,11,54.5,5,14,2,12,10,22,23,0
Adnan Januzaj,BEL,"FW,MF",Las Palmas,La Liga,29-277,1995,2.8,3,2,1,2,0,1,2,50.0,1,2,0,2,0,3,2,0
Vitezslav Jaros,CZE,GK,Liverpool,Premier League,23-108,2001,0.1,0,0,0,0,0,0,0,,0,0,0,0,0,0,0,0
Ali Jasim,IRQ,"FW,DF",Como,Serie A,20-293,2004,0.1,1,0,1,0,0,1,1,100.0,0,0,0,0,0,1,0,0
Mikel Jauregizar,ESP,MF,Athletic Club,La Liga,20-362,2003,6.3,21,12,6,10,5,13,21,61.9,8,6,1,5,7,28,7,1
Dominik Javorček,SVK,DF,Holstein Kiel,Bundesliga,22-006,2002,0.5,1,0,1,0,0,1,1,100.0,0,1,1,0,1,2,4,1
Gaby Jean,FRA,DF,Lecce,Serie A,24-263,2000,0.2,0,0,0,0,0,0,1,0.0,1,1,1,0,0,0,2,0
Daniel Jebbison,ENG,FW,Bournemouth,Premier League,21-087,2003,0.3,0,0,0,0,0,0,1,0.0,1,0,0,0,0,0,1,0
Fredrik Jensen,FIN,"MF,DF",Augsburg,Bundesliga,27-060,1997,1.3,1,1,0,0,1,1,1,100.0,0,2,0,2,0,1,1,0
Mathias Jensen,DEN,MF,Brentford,Premier League,28-312,1996,3.0,1,1,1,0,0,0,3,0.0,3,4,1,3,2,3,3,1
Moritz Jenz,GER,DF,Mainz 05,Bundesliga,25-192,1999,6.0,13,6,6,7,0,4,7,57.1,3,7,6,1,5,18,45,0
Gabriel Jesus,BRA,"FW,MF",Arsenal,Premier League,27-219,1997,1.3,3,2,3,0,0,2,3,66.7,1,4,1,3,2,5,0,0
Juan Jesus,BRA,DF,Napoli,Serie A,33-151,1991,0.9,0,0,0,0,0,0,0,,0,0,0,0,0,0,3,0
Raúl Jiménez,MEX,FW,Fulham,Premier League,33-187,1991,6.6,9,4,1,5,3,1,6,16.7,5,5,1,4,3,12,5,1
João Pedro,BRA,"MF,FW",Brighton,Premier League,23-043,2001,3.1,5,3,1,3,1,1,3,33.3,2,2,0,2,1,6,2,0
John Joe,IRL,"FW,MF",Getafe,La Liga,21-015,2003,0.1,0,0,0,0,0,0,0,,0,1,1,0,0,0,1,0
Joelinton,BRA,"MF,FW",Newcastle Utd,Premier League,28-086,1996,9.3,25,15,10,9,6,12,22,54.5,10,13,3,10,7,32,16,1
Jofre,ESP,"MF,FW",Espanyol,La Liga,23-144,2001,8.5,5,5,3,2,0,2,7,28.6,5,3,0,3,7,12,9,0
Carl Johansson,SWE,DF,Holstein Kiel,Bundesliga,30-169,1994,3.9,4,2,4,0,0,3,6,50.0,3,7,6,1,6,10,23,1
Ben Johnson,ENG,DF,Ipswich Town,Premier League,24-289,2000,3.5,15,8,11,4,0,10,15,66.7,5,5,2,3,7,22,6,0
Brennan Johnson,WAL,FW,Tottenham,Premier League,23-169,2001,8.7,19,12,3,11,5,8,14,57.1,6,10,1,9,2,21,8,0
Karl-Johan Johnsson,SWE,GK,Strasbourg,Ligue 1,34-285,1990,3.0,0,0,0,0,0,0,1,0.0,1,0,0,0,0,0,3,0
Sam Johnstone,ENG,GK,Wolves,Premier League,31-228,1993,5.0,0,0,0,0,0,0,0,,0,0,0,0,0,0,5,0
Paul Joly,FRA,DF,Auxerre,Ligue 1,24-154,2000,4.4,16,11,11,5,0,8,15,53.3,7,5,0,5,11,27,14,3
Curtis Jones,ENG,MF,Liverpool,Premier League,23-283,2001,3.8,9,4,2,6,1,5,6,83.3,1,7,4,3,1,10,5,0
Frenkie de Jong,NED,MF,Barcelona,La Liga,27-180,1997,1.0,1,1,0,1,0,0,0,,0,0,0,0,0,1,0,0
Joan Jordán,ESP,MF,Alavés,La Liga,30-125,1994,3.4,11,7,5,4,2,5,11,45.5,6,4,0,4,2,13,5,0
Jorginho,ITA,MF,Arsenal,Premier League,32-324,1991,1.7,2,1,0,1,1,2,4,50.0,2,0,0,0,0,2,0,1
Jesse Joronen,FIN,GK,Venezia,Serie A,31-232,1993,7.0,0,0,0,0,0,0,0,,0,0,0,0,0,0,3,0
Jota,POR,"FW,MF",Rennes,Ligue 1,25-223,1999,2.3,3,2,1,2,0,3,4,75.0,1,1,0,1,3,6,1,0
Diogo Jota,POR,FW,Liverpool,Premier League,27-340,1996,5.5,3,1,0,2,1,2,6,33.3,4,1,0,1,3,6,3,0
Antoine Joujou,FRA,"MF,FW",Le Havre,Ligue 1,21-241,2003,3.4,6,5,4,1,1,2,4,50.0,2,8,2,6,3,9,3,0
Luka Jović,SRB,FW,Milan,Serie A,26-321,1997,0.9,0,0,0,0,0,0,0,,0,0,0,0,1,1,0,0
Juanmi,ESP,FW,Betis,La Liga,31-172,1993,1.6,6,3,3,2,1,3,5,60.0,2,4,0,4,1,7,4,0
Juanpe,ESP,DF,Girona,La Liga,33-192,1991,2.0,4,4,2,2,0,3,3,100.0,0,7,3,4,2,6,8,0
Jubal,BRA,DF,Auxerre,Ligue 1,31-071,1993,8.4,14,11,12,2,0,10,16,62.5,6,15,5,10,6,20,44,0
Abdulai Juma Bah,SLE,DF,Valladolid,La Liga,18-211,2006,3.0,4,3,2,2,0,0,2,0.0,2,4,2,2,4,8,19,0
Anthony Jung,GER,DF,Werder Bremen,Bundesliga,33-005,1991,6.3,9,6,7,2,0,5,7,71.4,2,3,1,2,7,16,25,0
Hamed Junior Traorè,CIV,MF,Auxerre,Ligue 1,24-266,2000,7.2,14,6,4,6,4,4,17,23.5,13,4,0,4,3,17,6,0
Vinicius Júnior,BRA,FW,Real Madrid,La Liga,24-119,2000,10.1,10,5,3,2,5,3,6,50.0,3,3,0,3,0,10,1,1
David Jurásek,CZE,"DF,FW",Hoffenheim,Bundesliga,24-093,2000,0.5,2,1,1,0,1,0,0,,0,2,0,2,0,2,1,0
Stanko Jurić,CRO,MF,Valladolid,La Liga,28-084,1996,6.2,19,10,12,6,1,11,23,47.8,12,10,4,6,8,27,20,0
James Justin,ENG,DF,Leicester City,Premier League,26-259,1998,9.0,19,11,12,5,2,8,17,47.1,9,9,1,8,13,32,44,0
Mohamed Kaba,FRA,MF,Lecce,Serie A,23-012,2001,0.2,1,0,0,1,0,0,0,,0,0,0,0,0,1,0,0
Yusuf Kabadayı,GER,"FW,MF",Augsburg,Bundesliga,20-280,2004,0.8,1,0,0,1,0,0,0,,0,1,0,1,0,1,0,0
Almugera Kabar,GER,DF,Dortmund,Bundesliga,18-155,2006,0.2,1,1,0,1,0,0,0,,0,0,0,0,0,1,1,0
Christian Kabasele,BEL,DF,Udinese,Serie A,33-258,1991,7.2,9,5,5,4,0,4,5,80.0,1,8,2,6,7,16,27,1
Yaya Kader Fofana,MLI,"MF,FW",Reims,Ligue 1,20-149,2004,6.3,15,10,7,5,3,4,10,40.0,6,8,2,6,3,18,2,0
Pavel Kadeřábek,CZE,DF,Hoffenheim,Bundesliga,32-197,1992,5.3,7,4,4,1,2,5,12,41.7,7,5,2,3,7,14,14,0
Tino Kadewere,ZIM,"MF,FW",Nantes,Ligue 1,28-308,1996,5.3,13,7,4,3,6,6,12,50.0,6,3,0,3,5,18,8,0
Ferdi Kadioglu,TUR,"DF,MF",Brighton,Premier League,25-032,1999,4.3,10,6,4,5,1,6,15,40.0,9,2,2,0,8,18,17,0
Arnaud Kalimuendo,FRA,FW,Rennes,Ligue 1,22-293,2002,7.4,4,2,0,2,2,2,2,100.0,0,1,0,1,1,5,0,0
Pierre Kalulu,FRA,DF,Juventus,Serie A,24-156,2000,7.0,5,3,5,0,0,3,3,100.0,0,8,4,4,3,8,7,0
Daichi Kamada,JPN,MF,Crystal Palace,Premier League,28-095,1996,6.1,19,9,6,11,2,5,14,35.7,9,8,2,6,5,24,5,0
Waren Kamanzi,NOR,"DF,MF",Toulouse,Ligue 1,23-363,2000,6.5,21,10,7,11,3,10,19,52.6,9,1,0,1,2,23,14,0
Boubacar Kamara,FRA,MF,Aston Villa,Premier League,24-351,1999,0.2,1,1,0,1,0,0,0,,0,0,0,0,1,2,0,0
Glen Kamara,FIN,MF,Rennes,Ligue 1,29-011,1995,5.8,20,9,8,10,2,9,14,64.3,5,7,0,7,6,26,5,0
Hassane Kamara,CIV,DF,Udinese,Serie A,30-248,1994,5.8,12,8,4,6,2,2,8,25.0,6,6,1,5,7,19,12,0
Willy Kambwala,FRA,DF,Villarreal,La Liga,20-075,2004,1.0,4,2,3,0,1,2,2,100.0,0,1,1,0,0,4,6,0
Jakub Kamiński,POL,"DF,MF",Wolfsburg,Bundesliga,22-156,2002,7.3,11,5,5,2,4,5,16,31.3,11,12,6,6,8,19,11,1
Kevin Kampl,SVN,MF,RB Leipzig,Bundesliga,34-030,1990,4.6,7,5,2,3,2,4,7,57.1,3,7,1,6,7,14,6,0
Nordine Kandil,FRA,MF,Strasbourg,Ligue 1,23-008,2001,0.1,0,0,0,0,0,0,0,,0,0,0,0,0,0,1,0
Harry Kane,ENG,FW,Bayern Munich,Bundesliga,31-103,1993,8.3,2,2,0,1,1,0,1,0.0,1,3,0,3,0,2,5,0
Lee Kang-in,KOR,"FW,MF",Paris S-G,Ligue 1,23-263,2001,6.3,10,7,3,3,4,9,14,64.3,5,1,0,1,1,11,2,0
Yann Karamoh,FRA,"FW,MF",Torino,Serie A,26-123,1998,0.9,1,0,0,0,1,1,3,33.3,2,2,1,1,0,1,0,0
Atakan Karazor,,MF,Stuttgart,Bundesliga,28-026,1996,7.1,19,5,4,9,6,10,17,58.8,7,9,1,8,8,27,8,0
Jesper Karlsson,SWE,FW,Bologna,Serie A,26-106,1998,1.4,0,0,0,0,0,0,1,0.0,1,0,0,0,0,0,1,0
Jesper Karlström,SWE,MF,Udinese,Serie A,29-140,1995,10.1,19,10,10,7,2,6,16,37.5,10,8,4,4,14,33,24,1
Lior Kasa,ISR,MF,Genoa,Serie A,19-042,2005,0.2,0,0,0,0,0,0,0,,0,0,0,0,1,1,0,0
Grigoris Kastanos,CYP,"MF,FW",Hellas Verona,Serie A,26-283,1998,4.6,9,4,3,2,4,4,9,44.4,5,10,1,9,4,13,2,0
Mikkel Kaufmann,DEN,"FW,MF",Heidenheim,Bundesliga,23-310,2001,2.1,3,2,1,1,1,1,2,50.0,1,3,1,2,0,3,5,0
Michael Kayode,ITA,"DF,FW",Fiorentina,Serie A,20-121,2004,0.2,1,1,1,0,0,0,0,,0,2,1,1,0,1,3,0
Moise Kean,ITA,FW,Fiorentina,Serie A,24-254,2000,9.1,3,2,0,1,2,1,2,50.0,1,3,0,3,0,3,7,1
Michael Keane,ENG,DF,Everton,Premier League,31-302,1993,9.0,10,7,7,2,1,7,10,70.0,3,9,6,3,10,20,50,0
Yassine Kechta,MAR,"MF,FW",Le Havre,Ligue 1,22-257,2002,7.6,21,13,10,8,3,12,30,40.0,18,11,2,9,6,27,3,0
Thilo Kehrer,GER,DF,Monaco,Ligue 1,28-048,1996,8.0,18,14,13,5,0,10,18,55.6,8,3,2,1,6,24,37,1
Abdoulaye Keita,ESP,MF,Getafe,La Liga,22-068,2002,0.3,0,0,0,0,0,0,0,,0,1,0,1,0,0,0,0
Mandela Keita,BEL,MF,Parma,Serie A,22-182,2002,1.8,4,0,1,3,0,1,3,33.3,2,2,1,1,3,7,2,1
Andu Kelati,GER,MF,Holstein Kiel,Bundesliga,22-087,2002,1.1,1,1,1,0,0,0,1,0.0,1,1,0,1,2,3,1,0
Caoimhín Kelleher,IRL,GK,Liverpool,Premier League,25-351,1998,4.0,0,0,0,0,0,0,0,,0,0,0,0,0,0,0,1
Lloyd Kelly,ENG,DF,Newcastle Utd,Premier League,26-033,1998,2.3,2,2,2,0,0,0,0,,0,4,2,2,1,3,14,0
Aljoscha Kemlein,GER,MF,Union Berlin,Bundesliga,20-098,2004,3.3,3,1,2,1,0,1,3,33.3,2,4,1,3,3,6,4,0
Marc-Oliver Kempf,GER,DF,Como,Serie A,29-285,1995,10.0,9,7,3,5,1,3,6,50.0,3,9,4,5,20,29,40,1
Kenedy,BRA,"MF,FW",Valladolid,La Liga,28-274,1996,0.1,0,0,0,0,0,0,0,,0,1,0,1,0,0,0,0
Luca Kerber,GER,"MF,DF",Heidenheim,Bundesliga,22-243,2002,1.0,2,2,1,1,0,2,3,66.7,1,3,1,2,0,2,5,0
Milos Kerkez,HUN,DF,Bournemouth,Premier League,21-001,2003,9.3,13,5,3,8,2,5,10,50.0,5,11,4,7,11,24,23,0
Reda Khadra,GER,"MF,FW",Reims,Ligue 1,23-127,2001,0.9,1,1,1,0,0,0,1,0.0,1,0,0,0,0,1,1,0
Bilal El Khannouss,MAR,"MF,FW",Leicester City,Premier League,20-182,2004,2.0,3,2,1,1,1,0,1,0.0,1,0,0,0,0,3,1,0
Wahbi Khazri,TUN,"FW,MF",Montpellier,Ligue 1,33-274,1991,3.8,7,5,0,5,2,1,3,33.3,2,2,1,1,3,10,4,0
Rani Khedira,GER,MF,Union Berlin,Bundesliga,30-286,1994,9.0,14,10,5,7,2,6,10,60.0,4,9,3,6,15,29,10,0
Abdukodir Khusanov,UZB,DF,Lens,Ligue 1,20-253,2004,7.8,13,9,7,5,1,6,9,66.7,3,15,9,6,20,33,38,0
Kialonda,ANG,DF,Lecce,Serie A,27-042,1997,11.0,17,6,15,2,0,6,6,100.0,0,23,16,7,16,33,57,0
Kiké,ESP,FW,Alavés,La Liga,34-349,1989,5.8,3,3,0,3,0,1,2,50.0,1,0,0,0,0,3,5,0
Max Kilman,ENG,DF,West Ham,Premier League,27-169,1997,10.0,10,5,4,4,2,8,11,72.7,3,15,10,5,13,23,54,1
Joshua Kimmich,GER,"MF,DF",Bayern Munich,Bundesliga,29-274,1995,9.0,10,7,3,5,2,7,12,58.3,5,5,0,5,7,17,10,2
Joshua King,NOR,"FW,MF",Toulouse,Ligue 1,32-298,1992,4.8,3,3,1,1,1,1,1,100.0,0,3,2,1,1,4,6,0
Cédric Kipré,CIV,DF,Reims,Ligue 1,27-335,1996,5.8,14,11,13,1,0,13,16,81.3,3,11,4,7,3,17,33,0
Jakub Kiwior,POL,DF,Arsenal,Premier League,24-267,2000,1.1,0,0,0,0,0,0,1,0.0,1,3,1,2,0,0,9,0
Tim Kleindienst,GER,FW,Gladbach,Bundesliga,29-069,1995,8.7,7,3,1,4,2,2,10,20.0,8,12,1,11,3,10,19,0
Lukas Klostermann,GER,DF,RB Leipzig,Bundesliga,28-158,1996,6.3,10,6,7,2,1,5,8,62.5,3,11,5,6,8,18,30,1
Justin Kluivert,NED,"MF,FW",Bournemouth,Premier League,25-187,1999,6.1,7,4,3,2,2,1,3,33.3,2,7,0,7,5,12,11,0
Ansgar Knauff,GER,"MF,DF",Eint Frankfurt,Bundesliga,22-303,2002,4.2,15,9,9,3,3,4,5,80.0,1,9,0,9,2,17,6,0
Magnus Knudsen,NOR,MF,Holstein Kiel,Bundesliga,23-146,2001,7.8,22,11,10,7,5,13,19,68.4,6,9,4,5,7,29,13,0
Gregor Kobel,SUI,GK,Dortmund,Bundesliga,26-338,1997,8.0,0,0,0,0,0,0,0,,0,0,0,0,0,0,4,1
Robin Koch,GER,DF,Eint Frankfurt,Bundesliga,28-114,1996,8.8,4,2,3,1,0,2,5,40.0,3,20,13,7,5,9,51,2
Magnus Kofod Andersen,DEN,MF,Venezia,Serie A,25-182,1999,5.0,8,2,1,6,1,1,3,33.3,2,2,1,1,5,13,7,0
Derrick Köhn,GER,DF,Werder Bremen,Bundesliga,25-278,1999,3.1,2,1,1,0,1,0,0,,0,5,2,3,2,4,5,0
Philipp Köhn,SUI,GK,Monaco,Ligue 1,26-220,1998,7.0,0,0,0,0,0,0,1,0.0,1,0,0,0,0,0,4,0
Dominik Kohr,GER,"DF,MF",Mainz 05,Bundesliga,30-282,1994,7.8,22,16,14,5,3,13,18,72.2,5,17,9,8,9,31,43,0
Koke,ESP,MF,Atlético Madrid,La Liga,32-305,1992,9.7,21,15,9,8,4,13,23,56.5,10,11,0,11,10,31,11,0
Sead Kolašinac,BIH,DF,Atalanta,Serie A,31-141,1993,6.5,10,6,4,6,0,4,8,50.0,4,3,0,3,9,19,11,0
Randal Kolo Muani,FRA,FW,Paris S-G,Ligue 1,25-339,1998,3.3,4,4,1,1,2,0,0,,0,0,0,0,0,4,3,0
Marco Komenda,CRO,DF,Holstein Kiel,Bundesliga,27-348,1996,2.2,6,4,3,2,1,4,4,100.0,0,3,1,2,0,6,10,0
Mert Kömür,GER,MF,Augsburg,Bundesliga,19-114,2005,0.5,1,0,1,0,0,0,0,,0,2,2,0,0,1,1,1
Ibrahima Konaté,FRA,DF,Liverpool,Premier League,25-167,1999,8.8,12,9,8,3,1,7,9,77.8,2,12,5,7,3,15,40,1
Ismael Konate,CIV,FW,Empoli,Serie A,18-224,2006,0.1,0,0,0,0,0,0,0,,0,0,0,0,0,0,0,0
Geoffrey Kondogbia,CTA,"MF,DF",Marseille,Ligue 1,31-267,1993,7.9,20,11,13,7,0,14,15,93.3,1,4,0,4,8,28,23,2
Abdoul Koné,FRA,DF,Reims,Ligue 1,19-200,2005,0.7,4,2,3,1,0,2,4,50.0,2,1,1,0,1,5,1,0
Amadou Koné,MLI,MF,Reims,Ligue 1,19-178,2005,1.3,7,4,4,3,0,4,6,66.7,2,0,0,0,4,11,0,0
Ismaël Koné,CAN,MF,Marseille,Ligue 1,22-155,2002,3.0,4,2,2,2,0,1,2,50.0,1,4,1,3,3,7,2,1
Manu Koné,FRA,MF,Roma,Serie A,23-175,2001,6.1,8,5,2,4,2,5,9,55.6,4,3,0,3,4,12,4,0
Ezri Konsa,ENG,DF,Aston Villa,Premier League,27-016,1997,8.1,11,7,6,3,2,6,8,75.0,2,4,1,3,5,16,28,0
Teun Koopmeiners,NED,MF,Juventus,Serie A,26-254,1998,5.2,8,6,0,7,1,4,6,66.7,2,2,2,0,1,9,2,0
Odilon Kossounou,CIV,DF,Atalanta,Serie A,23-309,2001,1.9,5,3,3,2,0,3,4,75.0,1,2,1,1,1,6,1,0
Christian Kouamé,CIV,"FW,MF",Fiorentina,Serie A,26-338,1997,5.4,10,6,4,3,3,0,3,0.0,3,2,0,2,2,12,8,0
Henri Koudossou,GER,DF,Augsburg,Bundesliga,25-066,1999,1.6,5,4,2,2,1,4,6,66.7,2,1,1,0,1,6,7,0
Konstantinos Koulierakis,GRE,DF,Wolfsburg,Bundesliga,20-346,2003,5.3,9,4,6,2,1,5,10,50.0,5,11,6,5,4,13,29,0
Jules Koundé,FRA,DF,Barcelona,La Liga,25-362,1998,10.4,24,15,11,9,4,19,26,73.1,7,14,2,12,4,28,28,1
Boubakar Kouyaté,MLI,DF,Montpellier,Ligue 1,27-207,1997,1.2,4,1,3,1,0,3,5,60.0,2,0,0,0,3,7,5,0
Mateo Kovačić,CRO,MF,Manchester City,Premier League,30-186,1994,8.8,22,14,5,12,5,11,24,45.8,13,10,0,10,5,27,5,0
Matej Kovar,CZE,GK,Leverkusen,Bundesliga,24-175,2000,1.0,0,0,0,0,0,0,0,,0,0,0,0,0,0,0,0
Mateusz Kowalski,POL,MF,Parma,Serie A,19-110,2005,0.6,0,0,0,0,0,0,0,,0,1,0,1,0,0,1,0
Emil Krafth,SWE,DF,Newcastle Utd,Premier League,30-098,1994,2.7,2,1,0,1,1,1,2,50.0,1,5,4,1,2,4,10,0
Alex Král,CZE,MF,Espanyol,La Liga,26-173,1998,11.4,31,21,18,13,0,7,11,63.6,4,16,8,8,11,42,20,0
Andrej Kramarić,CRO,MF,Hoffenheim,Bundesliga,33-142,1991,7.7,2,1,0,2,0,1,3,33.3,2,3,1,2,0,2,3,0
Frans Krätzig,GER,DF,Stuttgart,Bundesliga,21-299,2003,0.6,2,1,1,0,1,1,3,33.3,2,2,1,1,0,2,1,0
Ladislav Krejčí,CZE,DF,Girona,La Liga,25-202,1999,5.1,6,3,5,1,0,3,7,42.9,4,5,3,2,9,15,19,0
Rasmus Kristensen,DEN,"DF,MF",Eint Frankfurt,Bundesliga,27-120,1997,7.4,19,10,15,2,2,15,27,55.6,12,9,3,6,4,23,25,0
Thomas Kristensen,DEN,DF,Udinese,Serie A,22-296,2002,2.1,2,1,1,1,0,1,2,50.0,1,1,1,0,0,2,7,0
Nikola Krstović,MNE,FW,Lecce,Serie A,24-217,2000,10.6,10,5,4,3,3,5,10,50.0,5,3,1,2,1,11,8,0
Lukas Kübler,GER,DF,Freiburg,Bundesliga,32-070,1992,8.0,13,7,7,5,1,8,12,66.7,4,14,5,9,21,34,15,1
Takefusa Kubo,JPN,"MF,FW",Real Sociedad,La Liga,23-157,2001,8.7,9,4,3,4,2,7,14,50.0,7,18,1,17,5,14,3,1
Mohammed Kudus,GHA,"MF,FW",West Ham,Premier League,24-098,2000,7.4,9,7,2,4,3,3,10,30.0,7,9,1,8,1,10,1,0
Dejan Kulusevski,SWE,"MF,FW",Tottenham,Premier League,24-197,2000,8.5,11,6,2,1,8,3,14,21.4,11,14,3,11,7,18,7,0
Sael Kumbedi,FRA,DF,Lyon,Ligue 1,19-227,2005,2.0,5,2,1,3,1,4,5,80.0,1,0,0,0,4,9,5,0
Marash Kumbulla,ALB,DF,Espanyol,La Liga,24-274,2000,9.9,13,7,9,3,1,6,13,46.2,7,20,14,6,11,24,63,0
Daler Kuzyaev,RUS,MF,Le Havre,Ligue 1,31-298,1993,3.9,7,5,3,3,1,1,5,20.0,4,5,3,2,4,11,3,0
Khvicha Kvaratskhelia,GEO,"FW,MF",Napoli,Serie A,23-270,2001,8.5,11,8,3,7,1,4,10,40.0,6,8,0,8,2,13,5,0
Moritz-Broni Kwarteng,GHA,MF,Bochum,Bundesliga,26-194,1998,1.2,2,2,0,1,1,0,1,0.0,1,0,0,0,0,2,0,0
Giorgos Kyriakopoulos,GRE,DF,Monza,Serie A,28-277,1996,11.0,23,15,10,11,2,13,26,50.0,13,12,3,9,10,33,35,0
Rémy Labeau Lascary,GLP,FW,Lens,Ligue 1,21-250,2003,3.4,5,1,2,1,2,2,6,33.3,4,3,0,3,0,5,2,0
Gaëtan Laborde,FRA,FW,Nice,Ligue 1,30-189,1994,1.8,3,2,2,1,0,3,7,42.9,4,0,0,0,1,4,1,0
Nediljko Labrović,CRO,GK,Augsburg,Bundesliga,25-029,1999,9.0,0,0,0,0,0,0,0,,0,0,0,0,0,0,9,0
Alexandre Lacazette,FRA,FW,Lyon,Ligue 1,33-164,1991,6.9,3,1,1,1,1,2,6,33.3,4,3,0,3,1,4,1,0
Maxence Lacroix,FRA,DF,Crystal Palace,Premier League,24-216,2000,7.0,11,8,9,1,1,3,9,33.3,6,8,3,5,12,23,29,0
Alban Lafont,FRA,GK,Nantes,Ligue 1,25-290,1999,10.0,1,1,1,0,0,1,1,100.0,0,1,0,1,0,1,6,1
Konrad Laimer,AUT,DF,Bayern Munich,Bundesliga,27-165,1997,2.5,5,4,0,4,1,3,6,50.0,3,1,0,1,1,6,4,0
Stefan Lainer,AUT,DF,Gladbach,Bundesliga,32-073,1992,2.2,4,2,2,2,0,1,1,100.0,0,4,3,1,3,7,8,0
Kenny Lala,MAD,DF,Brest,Ligue 1,33-036,1991,8.8,25,17,15,9,1,20,29,69.0,9,14,6,8,11,36,19,0
Adam Lallana,ENG,MF,Southampton,Premier League,36-182,1988,2.4,5,4,3,2,0,2,5,40.0,3,2,1,1,3,8,4,0
Mathis Lambourde,FRA,"FW,DF",Hellas Verona,Serie A,18-304,2006,0.4,2,0,1,1,0,1,2,50.0,1,1,0,1,0,2,0,0
Mohamed Lamine Bayo,GUI,"FW,MF",Lille,Ligue 1,26-157,1998,2.3,0,0,0,0,0,0,0,,0,0,0,0,0,0,0,0
Tariq Lamptey,GHA,DF,Brighton,Premier League,24-039,2000,0.1,0,0,0,0,0,0,1,0.0,1,1,1,0,0,0,0,0
Gianluca Lapadula,PER,"FW,MF",Cagliari,Serie A,34-275,1990,1.9,2,0,1,0,1,0,0,,0,0,0,0,0,2,1,0
Cyle Larin,CAN,FW,Mallorca,La Liga,29-205,1995,6.4,4,2,1,2,1,0,2,0.0,2,5,0,5,1,5,3,0
Gautier Larsonneur,FRA,GK,Saint-Étienne,Ligue 1,27-259,1997,10.0,0,0,0,0,0,0,1,0.0,1,0,0,0,0,0,7,0
Hugo Larsson,SWE,MF,Eint Frankfurt,Bundesliga,20-134,2004,7.7,8,3,6,2,0,6,16,37.5,10,15,6,9,8,16,15,0
Juanmi Latasa,ESP,FW,Valladolid,La Liga,23-230,2001,4.9,1,0,0,1,0,0,2,0.0,2,1,0,1,0,1,5,0
Toni Lato,ESP,DF,Mallorca,La Liga,26-353,1997,2.9,7,5,2,1,4,3,5,60.0,2,3,0,3,3,10,10,0
Roméo Lavia,BEL,MF,Chelsea,Premier League,20-307,2004,3.0,10,4,4,5,1,4,9,44.4,5,4,0,4,7,17,4,0
Valentino Lazaro,AUT,DF,Torino,Serie A,28-229,1996,9.5,13,5,5,6,2,9,13,69.2,4,10,3,7,2,15,15,1
Darko Lazović,SRB,"MF,FW",Hellas Verona,Serie A,34-054,1990,8.7,14,6,2,10,2,6,10,60.0,4,8,1,7,5,19,17,0
Manuel Lazzari,ITA,DF,Lazio,Serie A,30-345,1993,6.5,8,7,3,4,1,4,8,50.0,4,2,2,0,1,9,6,0
Julien Le Cardinal,FRA,DF,Brest,Ligue 1,27-097,1997,5.8,10,6,6,4,0,6,10,60.0,4,8,6,2,12,22,27,0
Jérémy Le Douaron,FRA,FW,Brest,Ligue 1,26-201,1998,1.1,1,0,0,0,1,0,1,0.0,1,1,0,1,0,1,0,0
Enzo Le Fée,FRA,MF,Roma,Serie A,24-279,2000,2.9,6,3,4,2,0,2,6,33.3,4,7,2,5,3,9,1,0
Robin Le Normand,ESP,DF,Atlético Madrid,La Liga,27-363,1996,7.0,11,8,11,0,0,3,5,60.0,2,3,2,1,2,13,25,0
Nicola Leali,ITA,GK,Genoa,Serie A,31-265,1993,5.0,0,0,0,0,0,0,0,,0,0,0,0,0,0,5,0
Rafael Leão,POR,FW,Milan,Serie A,25-151,1999,6.3,5,5,0,3,2,3,5,60.0,2,5,0,5,4,9,0,0
Benjamin Lecomte,FRA,GK,Montpellier,Ligue 1,33-196,1991,7.0,0,0,0,0,0,0,0,,0,0,0,0,0,0,4,0
Pierre Lees-Melou,FRA,MF,Brest,Ligue 1,31-167,1993,2.7,10,6,2,5,3,6,8,75.0,2,4,2,2,3,13,1,0
Jordan Lefort,FRA,DF,Angers,Ligue 1,31-091,1993,10.0,19,16,15,3,1,11,16,68.8,5,18,9,9,13,32,50,1
Diogo Leite,POR,DF,Union Berlin,Bundesliga,25-290,1999,9.0,27,14,19,6,2,12,21,57.1,9,22,8,14,18,45,31,0
Maxim Leitsch,GER,DF,Mainz 05,Bundesliga,26-174,1998,6.1,11,3,6,3,2,7,8,87.5,1,9,4,5,8,19,32,1
Florian Lejeune,FRA,DF,Rayo Vallecano,La Liga,33-172,1991,11.0,16,10,10,4,2,6,10,60.0,4,11,10,1,5,21,50,0
Iñigo Lekue,ESP,DF,Athletic Club,La Liga,31-188,1993,3.5,4,3,3,1,0,3,6,50.0,3,2,1,1,3,7,13,2
Nunzio Lella,ITA,MF,Venezia,Serie A,24-103,2000,0.1,0,0,0,0,0,0,0,,0,0,0,0,0,0,0,0
Thomas Lemar,FRA,MF,Atlético Madrid,La Liga,28-362,1995,0.1,0,0,0,0,0,0,1,0.0,1,0,0,0,0,0,0,0
Félix Lemaréchal,FRA,"MF,FW",Strasbourg,Ligue 1,21-093,2003,1.5,2,1,0,0,2,1,1,100.0,0,3,0,3,2,4,2,0
Mario Lemina,GAB,MF,Wolves,Premier League,31-068,1993,8.8,31,17,16,11,4,13,16,81.3,3,8,4,4,20,51,24,1
Clément Lenglet,FRA,DF,Atlético Madrid,La Liga,29-144,1995,2.7,1,1,0,1,0,1,2,50.0,1,2,1,1,4,5,12,0
Bernd Leno,GER,GK,Fulham,Premier League,32-249,1992,10.0,0,0,0,0,0,0,0,,0,1,0,1,0,0,1,3
Donovan Léon,GUF,GK,Auxerre,Ligue 1,32-005,1992,10.0,0,0,0,0,0,0,0,,0,0,0,0,0,0,6,1
Esteban Lepaul,FRA,FW,Angers,Ligue 1,24-204,2000,1.5,1,1,0,0,1,0,3,0.0,3,2,1,1,1,2,2,0
Johann Lepenant,FRA,MF,Nantes,Ligue 1,22-017,2002,6.0,14,6,6,6,2,5,16,31.3,11,8,2,6,7,21,4,0
Jefferson Lerma,COL,"MF,DF",Crystal Palace,Premier League,30-014,1994,4.6,4,2,1,2,1,3,6,50.0,3,9,4,5,7,11,9,0
Louis Leroux,FRA,"MF,FW",Nantes,Ligue 1,18-290,2006,0.2,1,1,1,0,0,1,1,100.0,0,0,0,0,0,1,0,0
Robert Lewandowski,POL,FW,Barcelona,La Liga,36-079,1988,10.9,6,3,1,4,1,2,4,50.0,2,7,1,6,1,7,13,0
Jamie Leweling,GER,"FW,MF",Stuttgart,Bundesliga,23-256,2001,7.3,5,2,2,0,3,3,9,33.3,6,10,0,10,4,9,7,0
Rico Lewis,ENG,"MF,DF",Manchester City,Premier League,19-353,2004,7.6,16,8,6,8,2,5,6,83.3,1,10,2,8,6,22,17,1
Keane Lewis-Potter,ENG,"FW,DF",Brentford,Premier League,23-260,2001,7.5,16,7,4,9,3,8,12,66.7,4,7,3,4,3,19,9,0
Myles Lewis-Skelly,ENG,DF,Arsenal,Premier League,18-043,2006,0.2,1,1,1,0,0,0,0,,0,0,0,0,0,1,1,0
Philipp Lienhart,AUT,DF,Freiburg,Bundesliga,28-120,1996,8.2,6,4,4,2,0,3,6,50.0,3,3,3,0,12,18,26,1
Matthijs de Ligt,NED,DF,Manchester Utd,Premier League,25-088,1999,7.5,11,5,8,3,0,8,12,66.7,4,10,7,3,13,24,24,0
Victor Lindelöf,SWE,"DF,MF",Manchester Utd,Premier League,30-114,1994,0.7,3,0,3,0,0,1,1,100.0,0,1,0,1,2,5,3,0
Jesper Lindstrøm,DEN,FW,Everton,Premier League,24-253,2000,2.9,11,5,4,7,0,4,9,44.4,5,5,1,4,2,13,1,0
Karol Linetty,POL,MF,Torino,Serie A,29-280,1995,7.5,16,10,7,9,0,8,16,50.0,8,11,4,7,5,21,13,1
Samuel Lino,BRA,"MF,DF",Atlético Madrid,La Liga,24-321,1999,6.4,9,3,6,2,1,6,19,31.6,13,10,1,9,4,13,4,0
Pol Lirola,ESP,"DF,FW",Marseille,Ligue 1,27-087,1997,3.0,5,4,2,3,0,2,5,40.0,3,2,1,1,0,5,2,0
Dailon Livramento,CPV,"FW,MF",Hellas Verona,Serie A,23-188,2001,4.0,7,5,1,3,3,3,6,50.0,3,4,0,4,2,9,2,0
Valentino Livramento,ENG,DF,Newcastle Utd,Premier League,21-362,2002,6.9,15,9,11,4,0,9,13,69.2,4,12,4,8,7,22,22,1
Diego Llorente,ESP,DF,Betis,La Liga,31-084,1993,12.0,16,6,9,7,0,8,15,53.3,7,13,11,2,23,39,60,1
Marcos Llorente,ESP,"DF,MF",Atlético Madrid,La Liga,29-283,1995,7.0,16,12,10,4,2,9,13,69.2,4,6,1,5,5,21,13,1
Gautier Lloris,FRA,DF,Le Havre,Ligue 1,29-113,1995,10.0,24,15,18,6,0,17,26,65.4,9,8,4,4,6,30,54,0
Giovani Lo Celso,ARG,MF,Betis,La Liga,28-213,1996,5.1,10,6,3,2,5,6,9,66.7,3,3,0,3,1,11,1,0
Stanislav Lobotka,SVK,MF,Napoli,Serie A,29-349,1994,6.7,15,9,2,8,5,5,7,71.4,2,6,2,4,4,19,8,0
Manuel Locatelli,ITA,MF,Juventus,Serie A,26-305,1998,8.6,22,18,13,8,1,6,13,46.2,7,18,7,11,5,27,17,0
Ruben Loftus-Cheek,ENG,MF,Milan,Serie A,28-290,1996,5.8,9,5,2,3,4,1,3,33.3,2,1,0,1,1,10,8,0
Enzo Loiodice,FRA,MF,Las Palmas,La Liga,23-347,2000,2.6,2,2,1,1,0,1,3,33.3,2,3,0,3,2,4,2,0
Sean Longstaff,ENG,MF,Newcastle Utd,Premier League,27-009,1997,4.7,20,14,6,8,6,12,18,66.7,6,11,1,10,5,25,3,0
Ademola Lookman,NGA,"MF,FW",Atalanta,Serie A,27-019,1997,5.6,9,5,6,2,1,3,6,50.0,3,9,0,9,1,10,0,1
David López,ESP,DF,Girona,La Liga,35-030,1989,10.4,8,4,4,2,2,5,10,50.0,5,13,7,6,7,15,43,1
Diego López,ESP,"MF,FW",Valencia,La Liga,22-179,2002,8.6,6,4,1,2,3,4,14,28.6,10,5,0,5,3,9,2,0
Fermin López,ESP,MF,Barcelona,La Liga,21-181,2003,1.8,5,4,3,0,2,2,4,50.0,2,1,0,1,1,6,1,0
Javi López,ESP,DF,Real Sociedad,La Liga,22-228,2002,7.1,13,7,8,4,1,7,12,58.3,5,5,2,3,3,16,19,1
Roberto López,ESP,MF,Leganés,La Liga,24-198,2000,4.0,7,5,4,3,0,4,13,30.8,9,4,0,4,1,8,7,2
Unai López,ESP,MF,Rayo Vallecano,La Liga,29-009,1995,6.9,8,6,4,2,2,3,11,27.3,8,7,1,6,12,20,7,0
Iker Losada,ESP,"MF,FW",Betis,La Liga,23-099,2001,1.8,9,6,2,4,3,5,8,62.5,3,1,0,1,1,10,2,0
Anthony Losilla,FRA,MF,Bochum,Bundesliga,38-243,1986,6.8,15,12,8,6,1,10,19,52.6,9,12,5,7,9,24,10,1
Jordan Lotomba,SUI,"MF,DF",Nice,Ligue 1,26-040,1998,0.4,0,0,0,0,0,0,0,,0,0,0,0,0,0,1,0
Tom Louchet,FRA,"DF,MF",Nice,Ligue 1,21-188,2003,1.2,3,3,1,0,2,2,3,66.7,1,1,1,0,0,3,3,0
Sandi Lovrić,SVN,MF,Udinese,Serie A,26-225,1998,6.6,12,8,7,4,1,6,13,46.2,7,9,1,8,8,20,3,0
Pol Lozano,ESP,MF,Espanyol,La Liga,25-033,1999,6.2,19,14,8,8,3,9,20,45.0,11,7,2,5,5,24,10,0
Lorenzo Lucca,ITA,FW,Udinese,Serie A,24-059,2000,8.0,7,4,1,2,4,3,5,60.0,2,4,0,4,2,9,6,0
Jhon Lucumí,COL,DF,Bologna,Serie A,26-135,1998,5.4,8,5,4,4,0,3,8,37.5,5,8,4,4,3,11,14,0
José Luis Gayà,ESP,DF,Valencia,La Liga,29-167,1995,1.1,1,1,1,0,0,1,3,33.3,2,0,0,0,2,3,5,0
José Luis Palomino,ARG,DF,Cagliari,Serie A,34-308,1990,2.4,5,4,0,3,2,2,3,66.7,1,4,4,0,5,10,7,0
Douglas Luiz,BRA,MF,Juventus,Serie A,26-183,1998,3.0,6,2,2,3,1,4,5,80.0,1,2,0,2,2,8,0,0
Romelu Lukaku,BEL,FW,Napoli,Serie A,31-179,1993,7.1,1,1,0,1,0,0,2,0.0,2,1,1,0,0,1,7,0
Castello Lukeba,FRA,DF,RB Leipzig,Bundesliga,21-327,2002,6.8,13,5,4,6,3,4,7,57.1,3,11,5,6,3,16,26,0
Dodi Lukebakio,BEL,FW,Sevilla,La Liga,27-045,1997,10.3,6,4,3,2,1,2,6,33.3,4,7,0,7,1,7,7,1
Saša Lukić,SRB,MF,Fulham,Premier League,28-087,1996,6.1,12,6,6,5,1,3,15,20.0,12,6,3,3,8,20,6,0
Milos Lukovic,SRB,FW,Strasbourg,Ligue 1,18-356,2005,0.1,0,0,0,0,0,0,0,,0,0,0,0,0,0,0,0
Daniel Luna,COL,MF,Mallorca,La Liga,21-185,2003,0.1,0,0,0,0,0,0,0,,0,1,0,1,0,0,0,0
Andriy Lunin,UKR,GK,Real Madrid,La Liga,25-271,1999,2.0,0,0,0,0,0,0,0,,0,0,0,0,0,0,1,0
Massimo Luongo,AUS,MF,Ipswich Town,Premier League,32-044,1992,1.6,5,3,5,0,0,4,6,66.7,2,3,2,1,2,7,2,0
Sebastiano Luperto,ITA,DF,Cagliari,Serie A,28-063,1996,11.0,15,8,11,3,1,5,10,50.0,5,8,6,2,10,25,47,0
Zito Luvumbo,ANG,"FW,MF",Cagliari,Serie A,22-244,2002,7.2,1,0,1,0,0,0,4,0.0,4,1,0,1,0,1,3,0
Charalambos Lykogiannis,GRE,DF,Bologna,Serie A,31-017,1993,4.5,5,2,3,2,0,3,7,42.9,4,1,1,0,3,8,13,0
Senne Lynen,BEL,MF,Werder Bremen,Bundesliga,25-263,1999,7.8,19,8,9,7,3,11,14,78.6,3,14,2,12,14,33,16,4
Othmane Maamma,FRA,"MF,FW",Montpellier,Ligue 1,19-033,2005,0.5,0,0,0,0,0,0,1,0.0,1,0,0,0,0,0,1,0
Ian Maatsen,NED,DF,Aston Villa,Premier League,22-243,2002,1.6,5,3,1,4,0,1,2,50.0,1,1,0,1,0,5,5,1
Alexis Mac Allister,ARG,MF,Liverpool,Premier League,25-320,1998,7.7,24,17,7,15,2,16,29,55.2,13,18,0,18,4,28,8,0
Deiver Machado,COL,"DF,MF",Lens,Ligue 1,31-067,1993,3.8,7,5,5,2,0,5,5,100.0,0,5,1,4,1,8,6,0
Shuto Machino,JPN,"FW,MF",Holstein Kiel,Bundesliga,25-039,1999,4.9,2,2,1,0,1,2,5,40.0,3,0,0,0,2,4,2,0
Darwin Machís,VEN,"FW,MF",Valladolid,La Liga,31-275,1993,3.0,0,0,0,0,0,0,4,0.0,4,2,0,2,1,1,3,0
Yvann Macon,FRA,DF,Saint-Étienne,Ligue 1,26-038,1998,2.3,3,2,0,3,0,1,3,33.3,2,3,1,2,0,3,4,1
James Maddison,ENG,MF,Tottenham,Premier League,27-351,1996,7.5,11,6,2,6,3,5,14,35.7,9,4,2,2,6,17,10,0
Eros Maddy,NED,DF,Auxerre,Ligue 1,23-277,2001,0.1,0,0,0,0,0,0,0,,0,0,0,0,0,0,0,0
Noni Madueke,ENG,FW,Chelsea,Premier League,22-243,2002,7.6,11,8,4,6,1,7,16,43.8,9,6,0,6,3,14,4,0
Pablo Maffeo,ESP,DF,Mallorca,La Liga,27-119,1997,8.4,17,10,11,5,1,10,15,66.7,5,12,4,8,7,24,21,0
Gabriel Magalhães,BRA,DF,Arsenal,Premier League,26-325,1997,9.6,7,4,4,3,0,4,7,57.1,3,21,15,6,6,13,36,1
Soungoutou Magassa,FRA,MF,Monaco,Ligue 1,21-031,2003,2.4,13,9,3,9,1,8,12,66.7,4,1,0,1,4,17,2,1
Giangiacomo Magnani,ITA,DF,Hellas Verona,Serie A,29-035,1995,6.4,13,10,9,4,0,4,4,100.0,0,9,6,3,7,20,26,0
Hugo Magnetti,FRA,MF,Brest,Ligue 1,26-162,1998,7.1,8,2,3,5,0,4,10,40.0,6,7,2,5,6,14,9,0
Frank Magri,CMR,FW,Toulouse,Ligue 1,25-065,1999,3.5,1,0,0,0,1,1,4,25.0,3,7,0,7,1,2,4,0
Harry Maguire,ENG,DF,Manchester Utd,Premier League,31-248,1993,2.7,2,1,2,0,0,2,2,100.0,0,2,2,0,6,8,10,0
Jon Magunacelaya,ESP,MF,Real Sociedad,La Liga,24-118,2000,0.1,1,1,1,0,0,0,0,,0,0,0,0,0,1,0,0
Arne Maier,GER,"MF,FW",Augsburg,Bundesliga,25-305,1999,2.5,3,1,1,2,0,3,4,75.0,1,4,0,4,1,4,2,0
Mike Maignan,FRA,GK,Milan,Serie A,29-128,1995,10.0,0,0,0,0,0,0,0,,0,0,0,0,0,0,6,1
Patrick Mainka,GER,DF,Heidenheim,Bundesliga,30-002,1994,9.0,15,7,10,5,0,8,10,80.0,2,14,8,6,13,28,44,0
Kobbie Mainoo,ENG,MF,Manchester Utd,Premier League,19-203,2005,6.3,16,13,12,3,1,10,15,66.7,5,5,1,4,14,30,2,1
Ainsley Maitland-Niles,ENG,"DF,MF",Lyon,Ligue 1,27-071,1997,7.2,30,18,11,10,9,19,25,76.0,6,9,1,8,11,41,18,3
Radosław Majecki,POL,GK,Monaco,Ligue 1,24-358,1999,3.0,0,0,0,0,0,0,0,,0,0,0,0,0,0,1,0
Lovro Majer,CRO,MF,Wolfsburg,Bundesliga,26-296,1998,1.6,0,0,0,0,0,0,2,0.0,2,2,0,2,0,0,1,0
Jordy Makengo,FRA,DF,Freiburg,Bundesliga,23-097,2001,0.4,4,3,3,1,0,2,2,100.0,0,0,0,0,0,4,4,0
Antoine Makoumbou,CGO,MF,Cagliari,Serie A,26-113,1998,4.6,4,3,3,1,0,1,3,33.3,2,8,2,6,3,7,4,0
Nikola Maksimović,SRB,DF,Montpellier,Ligue 1,32-349,1991,1.0,1,1,0,1,0,0,0,,0,0,0,0,2,3,2,1
Julián Malatini,ARG,DF,Werder Bremen,Bundesliga,23-161,2001,4.8,10,9,4,5,1,4,10,40.0,6,6,3,3,7,17,16,0
Daniel Maldini,ITA,MF,Monza,Serie A,23-028,2001,7.0,11,5,3,8,0,5,7,71.4,2,5,2,3,2,13,4,2
Youssef Maleh,MAR,MF,Empoli,Serie A,26-078,1998,4.7,5,3,3,2,0,1,5,20.0,4,8,3,5,5,10,5,0
Donyell Malen,NED,"FW,DF",Dortmund,Bundesliga,25-304,1999,4.1,0,0,0,0,0,0,0,,0,2,0,2,1,1,1,0
Ruslan Malinovskyi,UKR,"MF,FW",Genoa,Serie A,31-188,1993,2.5,8,6,2,5,1,2,3,66.7,1,1,0,1,1,9,3,0
Lennard Maloney,USA,MF,Heidenheim,Bundesliga,25-031,1999,5.9,13,5,7,5,1,9,13,69.2,4,8,2,6,8,21,30,0
Giorgi Mamardashvili,GEO,GK,Valencia,La Liga,24-040,2000,11.0,0,0,0,0,0,0,0,,0,0,0,0,0,0,3,0
Dennis Man,ROU,"FW,MF",Parma,Serie A,26-074,1998,9.1,5,3,3,1,1,4,12,33.3,8,3,1,2,6,11,6,0
Hianga Mananga Mbock,FRA,MF,Brest,Ligue 1,24-316,1999,0.2,0,0,0,0,0,0,0,,0,0,0,0,1,1,0,0
Gianluca Mancini,ITA,DF,Roma,Serie A,28-205,1996,10.1,13,6,6,5,2,8,10,80.0,2,8,6,2,10,23,18,0
Steve Mandanda,FRA,GK,Rennes,Ligue 1,39-225,1985,10.0,0,0,0,0,0,0,1,0.0,1,0,0,0,0,0,0,0
Reinildo Mandava,MOZ,DF,Atlético Madrid,La Liga,30-292,1994,5.7,12,7,5,6,1,6,10,60.0,4,7,3,4,8,20,18,0
Aïssa Mandi,ALG,DF,Lille,Ligue 1,33-017,1991,4.8,7,4,1,6,0,3,5,60.0,2,7,5,2,3,10,11,0
Rolando Mandragora,ITA,MF,Fiorentina,Serie A,27-132,1997,3.3,1,0,0,0,1,0,1,0.0,1,3,1,2,6,7,5,1
Orel Mangala,BEL,MF,Everton,Premier League,26-235,1998,4.1,9,4,0,9,0,3,5,60.0,2,0,0,0,11,20,3,0
Orel Mangala,BEL,MF,Lyon,Ligue 1,26-235,1998,0.7,1,0,0,0,1,0,1,0.0,1,2,0,2,0,1,1,0
Ryan Manning,IRL,"DF,FW",Southampton,Premier League,28-147,1996,3.2,3,2,1,2,0,1,2,50.0,1,4,2,2,2,5,7,0
Javier Manquillo,ESP,DF,Celta Vigo,La Liga,30-187,1994,4.9,6,4,3,3,0,2,9,22.2,7,5,3,2,5,11,11,0
Johan Manzambi,SUI,FW,Freiburg,Bundesliga,19-025,2005,0.1,0,0,0,0,0,0,0,,0,0,0,0,0,0,0,0
Alberto Manzoni,ITA,MF,Atalanta,Serie A,19-136,2005,0.1,0,0,0,0,0,0,0,,0,0,0,0,0,0,0,0
Sekou Mara,FRA,"FW,MF",Strasbourg,Ligue 1,22-101,2002,3.7,3,3,0,1,2,0,3,0.0,3,2,0,2,3,6,2,0
Alessandro Marcandalli,ITA,DF,Genoa,Serie A,22-044,2002,0.5,1,0,1,0,0,0,0,,0,0,0,0,0,1,2,0
Marcão,BRA,DF,Sevilla,La Liga,28-156,1996,5.1,9,6,6,3,0,2,3,66.7,1,9,6,3,6,15,23,1
Filip Marchwiński,POL,MF,Lecce,Serie A,22-303,2002,0.2,0,0,0,0,0,0,0,,0,0,0,0,0,0,0,0
Óscar de Marcos,ESP,DF,Athletic Club,La Liga,35-208,1989,6.6,17,8,9,7,1,11,18,61.1,7,9,1,8,10,27,12,0
Alberto Marí,ESP,FW,Valencia,La Liga,23-120,2001,0.1,0,0,0,0,0,0,0,,0,0,0,0,0,0,0,0
Pablo Marí,ESP,DF,Monza,Serie A,31-069,1993,11.0,15,8,9,6,0,7,14,50.0,7,15,14,1,22,37,58,1
José María Giménez,URU,DF,Atlético Madrid,La Liga,29-293,1995,9.3,10,7,6,4,0,8,14,57.1,6,12,8,4,12,22,40,0
Luca Marianucci,ITA,DF,Empoli,Serie A,20-108,2004,0.1,0,0,0,0,0,0,1,0.0,1,0,0,0,0,0,1,0
Mirko Marić,CRO,FW,Monza,Serie A,29-176,1995,0.8,0,0,0,0,0,0,0,,0,1,1,0,1,1,1,0
Pablo Marín,ESP,MF,Real Sociedad,La Liga,21-128,2003,0.5,1,1,0,1,0,1,1,100.0,0,0,0,0,0,1,0,0
Răzvan Marin,ROU,MF,Cagliari,Serie A,28-169,1996,7.6,10,6,3,6,1,6,12,50.0,6,4,0,4,1,11,12,1
Guillermo Maripán,CHI,DF,Torino,Serie A,30-186,1994,4.0,6,2,3,2,1,3,4,75.0,1,3,0,3,8,14,21,0
Mika Màrmol,ESP,DF,Las Palmas,La Liga,22-129,2002,5.7,13,4,8,4,1,5,7,71.4,2,9,3,6,8,21,19,0
Omar Marmoush,EGY,"FW,MF",Eint Frankfurt,Bundesliga,25-275,1999,8.3,6,3,0,3,3,1,3,33.3,2,7,1,6,1,7,1,0
Mario Maroto,ESP,MF,Valladolid,La Liga,20-346,2003,0.2,0,0,0,0,0,0,1,0.0,1,0,0,0,2,2,1,0
Marquinhos,BRA,DF,Paris S-G,Ligue 1,30-178,1994,7.0,11,8,4,5,2,7,9,77.8,2,12,6,6,3,14,18,0
Aarón Martín,ESP,DF,Genoa,Serie A,27-200,1997,10.2,26,19,12,12,2,11,17,64.7,6,10,3,7,5,31,18,1
Carlos Martín,ESP,"FW,MF",Alavés,La Liga,22-200,2002,2.8,6,2,2,3,1,3,13,23.1,10,5,1,4,0,6,4,0
Gerard Martín,ESP,DF,Barcelona,La Liga,22-312,2002,3.1,8,3,3,2,3,5,7,71.4,2,5,1,4,2,10,9,0
Iván Martín,ESP,MF,Girona,La Liga,25-268,1999,8.3,12,7,7,4,1,5,14,35.7,9,10,1,9,5,17,3,0
Jon Martin,ESP,DF,Real Sociedad,La Liga,18-312,2006,1.0,0,0,0,0,0,0,0,,0,1,1,0,1,1,6,0
Jonas Martin,FRA,MF,Brest,Ligue 1,34-213,1990,4.3,9,4,8,1,0,3,6,50.0,3,3,0,3,6,15,10,0
Mario Martín,ESP,MF,Valladolid,La Liga,20-248,2004,6.6,20,11,10,9,1,10,20,50.0,10,8,1,7,5,25,15,3
Gabriel Martinelli,BRA,"MF,FW",Arsenal,Premier League,23-143,2001,6.8,8,6,1,2,5,4,8,50.0,4,3,0,3,1,9,9,0
Arnau Martinez,ESP,"DF,FW",Girona,La Liga,21-197,2003,7.1,14,9,8,3,3,9,13,69.2,4,2,2,0,1,15,14,2
Emiliano Martínez,ARG,GK,Aston Villa,Premier League,32-067,1992,10.0,0,0,0,0,0,0,0,,0,0,0,0,0,0,8,2
Iñigo Martínez,ESP,DF,Barcelona,La Liga,33-175,1991,10.8,10,6,8,2,0,5,5,100.0,0,6,4,2,7,17,36,1
Javi Martínez,ESP,MF,Osasuna,La Liga,24-322,1999,0.1,0,0,0,0,0,0,0,,0,0,0,0,0,0,0,0
Lautaro Martínez,ARG,FW,Inter,Serie A,27-078,1997,9.0,7,3,2,3,2,3,5,60.0,2,5,1,4,2,9,3,0
Lisandro Martínez,ARG,DF,Manchester Utd,Premier League,26-295,1998,8.8,19,12,12,5,2,9,17,52.9,8,11,3,8,21,40,24,1
Lucas Martínez Quarta,ARG,DF,Fiorentina,Serie A,28-182,1996,3.6,11,6,9,2,0,7,12,58.3,5,5,2,3,3,14,22,1
Toni Martínez,ESP,FW,Alavés,La Liga,27-131,1997,4.9,5,3,0,3,2,0,1,0.0,1,5,2,3,0,5,7,0
Kevin Martins,ITA,DF,Monza,Serie A,19-282,2005,0.0,0,0,0,0,0,0,0,,0,0,0,0,0,0,0,0
Javi Martón,ESP,FW,Athletic Club,La Liga,25-186,1999,0.5,0,0,0,0,0,0,0,,0,0,0,0,0,0,0,0
Adam Marušić,MNE,DF,Lazio,Serie A,32-022,1992,6.4,11,5,6,5,0,6,10,60.0,4,4,2,2,5,16,19,0
Marvin,ESP,"DF,FW",Las Palmas,La Liga,24-128,2000,4.5,10,5,5,3,2,5,16,31.3,11,4,1,3,5,15,13,0
Omar Mascarell,EQG,MF,Mallorca,La Liga,31-280,1993,6.9,14,7,7,7,0,8,13,61.5,5,11,6,5,13,27,22,2
Adam Masina,MAR,DF,Torino,Serie A,30-311,1994,9.6,14,7,11,3,0,11,19,57.9,8,14,9,5,6,20,40,1
Patrizio Masini,ITA,"MF,FW",Genoa,Serie A,23-286,2001,0.6,2,1,1,1,0,0,0,,0,4,0,4,0,2,1,0
Erhan Mašović,SRB,"DF,MF",Bochum,Bundesliga,25-352,1998,6.2,7,6,5,2,0,6,14,42.9,8,11,7,4,8,15,27,0
Clinton Mata,ANG,DF,Lyon,Ligue 1,32-001,1992,6.9,14,8,7,6,1,11,12,91.7,1,7,4,3,16,30,14,2
Jaime Mata,ESP,FW,Las Palmas,La Liga,36-015,1988,2.4,2,0,1,1,0,2,6,33.3,4,2,0,2,1,3,1,0
Igor Matanovic,CRO,FW,Eint Frankfurt,Bundesliga,21-222,2003,2.1,1,0,0,1,0,0,1,0.0,1,1,0,1,0,1,3,0
Pape Matar Sarr,SEN,MF,Tottenham,Premier League,22-055,2002,4.2,13,8,4,8,1,1,4,25.0,3,8,2,6,4,17,4,0
Eliot Matazo,BEL,MF,Monaco,Ligue 1,22-267,2002,0.0,0,0,0,0,0,0,0,,0,0,0,0,0,0,0,0
Jean-Philippe Mateta,FRA,FW,Crystal Palace,Premier League,27-133,1997,7.4,2,1,0,1,1,0,3,0.0,3,5,0,5,0,2,7,0
Nemanja Matić,SRB,MF,Lyon,Ligue 1,36-099,1988,5.8,12,10,4,7,1,5,10,50.0,5,7,3,4,4,16,8,0
Chrislain Matsima,FRA,DF,Augsburg,Bundesliga,22-177,2002,3.5,2,2,2,0,0,1,3,33.3,2,5,3,2,10,12,16,0
Jean Mattéo Bahoya,FRA,"MF,DF",Eint Frankfurt,Bundesliga,19-185,2005,1.3,4,4,2,2,0,3,6,50.0,3,1,0,1,1,5,0,0
Alan Matturro,URU,DF,Genoa,Serie A,20-028,2004,5.2,7,4,3,4,0,3,9,33.3,6,5,2,3,6,13,12,0
Azor Matusiwa,NED,MF,Rennes,Ligue 1,26-194,1998,8.2,26,15,13,12,1,15,20,75.0,5,12,4,8,12,38,16,0
Neal Maupay,FRA,FW,Marseille,Ligue 1,28-086,1996,2.7,4,1,1,2,1,2,2,100.0,0,2,0,2,0,4,0,0
Stephy Mavididi,ENG,FW,Leicester City,Premier League,26-161,1998,6.8,13,9,5,5,3,6,16,37.5,10,12,1,11,1,14,4,0
Konstantinos Mavropanos,GRE,DF,West Ham,Premier League,26-333,1997,7.2,12,9,9,2,1,6,10,60.0,4,11,9,2,14,26,39,0
Christian Mawissa,FRA,DF,Monaco,Ligue 1,19-204,2005,1.8,9,5,3,5,1,9,12,75.0,3,4,1,3,8,17,2,0
Keke Maximilian Topp,GER,"FW,MF",Werder Bremen,Bundesliga,20-228,2004,1.7,1,0,0,0,1,0,1,0.0,1,0,0,0,1,2,0,0
Borja Mayoral,ESP,FW,Getafe,La Liga,27-217,1997,1.4,1,1,1,0,0,0,0,,0,1,0,1,0,1,1,0
Senny Mayulu,FRA,"MF,DF",Paris S-G,Ligue 1,18-175,2006,1.4,9,5,4,4,1,3,6,50.0,3,5,3,2,1,10,2,0
Noussair Mazraoui,MAR,DF,Manchester Utd,Premier League,26-360,1997,8.1,34,18,16,12,6,19,27,70.4,8,9,2,7,10,44,28,0
Luca Mazzitelli,ITA,MF,Como,Serie A,28-359,1995,3.2,9,6,4,5,0,5,7,71.4,2,5,2,3,2,11,10,0
Pasquale Mazzocchi,ITA,"DF,FW",Napoli,Serie A,29-104,1995,4.3,5,2,3,1,1,2,6,33.3,4,3,1,2,3,8,11,0
Samuel Mbangula,BEL,FW,Juventus,Serie A,20-297,2004,3.6,9,7,7,1,1,5,8,62.5,3,4,0,4,0,9,2,0
Ethan Mbappé,FRA,"MF,FW",Lille,Ligue 1,17-315,2006,0.9,1,0,0,1,0,0,2,0.0,2,4,0,4,0,1,0,0
Kylian Mbappé,FRA,FW,Real Madrid,La Liga,25-324,1998,9.4,1,1,0,1,0,0,0,,0,1,0,1,0,1,0,0
Ibrahim Mbaye,FRA,"FW,MF",Paris S-G,Ligue 1,16-289,2008,1.0,0,0,0,0,0,0,3,0.0,3,0,0,0,0,0,0,0
Bryan Mbeumo,CMR,FW,Brentford,Premier League,25-093,1999,9.9,10,8,5,2,3,5,7,71.4,2,5,2,3,3,13,10,0
James Mcatee,ENG,FW,Manchester City,Premier League,22-021,2002,0.0,0,0,0,0,0,0,0,,0,1,0,1,0,0,0,0
Kasey McAteer,IRL,"DF,FW",Leicester City,Premier League,22-352,2001,0.4,4,2,4,0,0,2,3,66.7,1,4,0,4,0,4,3,0
Oliver McBurnie,SCO,FW,Las Palmas,La Liga,28-157,1996,7.9,5,4,2,2,1,2,4,50.0,2,3,1,2,3,8,8,0
Alex McCarthy,ENG,GK,Southampton,Premier League,34-341,1989,2.0,0,0,0,0,0,0,0,,0,0,0,0,0,0,0,1
John McGinn,SCO,"FW,MF",Aston Villa,Premier League,30-021,1994,5.6,7,4,3,4,0,4,6,66.7,2,5,0,5,2,9,2,0
Scott McKenna,SCO,DF,Las Palmas,La Liga,27-362,1996,7.1,7,6,6,1,0,4,5,80.0,1,11,8,3,2,9,39,1
Weston McKennie,USA,MF,Juventus,Serie A,26-072,1998,4.1,4,2,2,2,0,1,2,50.0,1,3,0,3,2,6,1,0
Mark McKenzie,USA,DF,Toulouse,Ligue 1,25-257,1999,7.7,14,9,7,7,0,10,14,71.4,4,10,7,3,3,17,36,0
Dwight McNeil,ENG,"MF,FW",Everton,Premier League,24-352,1999,9.9,8,4,5,3,0,5,12,41.7,7,5,0,5,5,13,1,0
Scott McTominay,SCO,MF,Manchester Utd,Premier League,27-336,1996,0.2,0,0,0,0,0,0,1,0.0,1,0,0,0,0,0,1,0
Scott McTominay,SCO,MF,Napoli,Serie A,27-336,1996,7.2,14,10,4,9,1,9,16,56.3,7,7,0,7,7,21,4,0
Jakov Medić,CRO,DF,Bochum,Bundesliga,26-062,1998,6.8,4,3,2,2,0,2,6,33.3,4,16,11,5,7,11,35,2
Facundo Medina,ARG,"DF,MF",Lens,Ligue 1,25-164,1999,8.8,16,9,8,7,1,7,12,58.3,5,8,2,6,10,26,25,0
Ben Mee,ENG,"DF,FW",Brentford,Premier League,35-048,1989,0.1,1,1,0,1,0,1,1,100.0,0,1,1,0,1,2,0,0
Henrik Meister,DEN,FW,Rennes,Ligue 1,20-357,2003,0.7,2,0,0,2,0,0,0,,0,4,0,4,1,3,0,0
Bamo Meïté,CIV,"DF,MF",Marseille,Ligue 1,22-341,2001,0.3,0,0,0,0,0,0,0,,0,0,0,0,0,0,1,0
Mateo Mejía,ESP,FW,Sevilla,La Liga,21-222,2003,0.1,0,0,0,0,0,0,0,,0,0,0,0,0,0,0,0
Farid El Melali,ALG,FW,Angers,Ligue 1,27-187,1997,6.9,12,6,4,4,4,5,18,27.8,13,5,1,4,3,15,5,1
Filippo Melegoni,ITA,"MF,FW",Genoa,Serie A,25-264,1999,1.0,1,1,1,0,0,0,4,0.0,4,0,0,0,0,1,2,0
Nuno Mendes,POR,DF,Paris S-G,Ligue 1,22-142,2002,4.3,6,4,2,3,1,5,10,50.0,5,7,4,3,5,11,5,0
Brais Méndez,ESP,MF,Real Sociedad,La Liga,27-306,1997,6.3,6,4,3,1,2,3,11,27.3,8,4,0,4,2,8,5,0
Antoine Mendy,FRA,DF,Nice,Ligue 1,20-165,2004,4.5,19,13,10,9,0,12,18,66.7,6,6,2,4,4,23,15,0
Ferland Mendy,FRA,DF,Real Madrid,La Liga,29-153,1995,7.4,15,12,6,5,4,8,10,80.0,2,7,2,5,8,23,6,1
Nampalys Mendy,SEN,MF,Lens,Ligue 1,32-138,1992,1.2,4,2,3,1,0,2,5,40.0,3,2,1,1,1,5,0,0
Gideon Mensah,GHA,DF,Auxerre,Ligue 1,26-113,1998,4.3,15,9,10,4,1,4,14,28.6,10,2,0,2,5,20,16,0
Alex Meret,ITA,GK,Napoli,Serie A,27-231,1997,7.4,0,0,0,0,0,0,0,,0,1,0,1,0,0,4,0
Mikel Merino,ESP,"MF,FW",Arsenal,Premier League,28-139,1996,2.9,11,8,4,3,4,4,9,44.4,5,6,4,2,5,16,4,1
Quentin Merlin,FRA,"DF,MF",Marseille,Ligue 1,22-176,2002,3.6,3,2,1,1,1,1,3,33.3,2,1,1,0,4,7,4,0
Víctor Meseguer,ESP,"MF,FW",Valladolid,La Liga,25-152,1999,3.7,10,6,4,4,2,2,10,20.0,8,3,0,3,2,12,3,1
Junior Messias,BRA,"MF,FW",Genoa,Serie A,33-179,1991,2.9,4,1,3,1,0,1,1,100.0,0,1,1,0,3,7,5,0
Connor Metcalfe,AUS,MF,St. Pauli,Bundesliga,25-003,1999,2.5,1,0,0,1,0,0,3,0.0,3,3,0,3,2,3,4,0
Karol Mets,EST,DF,St. Pauli,Bundesliga,31-176,1993,9.0,11,6,4,7,0,4,7,57.1,3,8,2,6,12,23,57,0
Thomas Meunier,BEL,DF,Lille,Ligue 1,33-057,1991,6.6,13,9,9,3,1,8,13,61.5,5,8,2,6,12,25,20,0
Alexander Meyer,GER,GK,Dortmund,Bundesliga,33-209,1991,1.0,0,0,0,0,0,0,0,,0,0,0,0,0,0,0,0
Florian Micheler,AUT,MF,Hoffenheim,Bundesliga,19-175,2005,0.4,0,0,0,0,0,0,2,0.0,2,0,0,0,0,0,0,0
Miguel,ESP,FW,Leganés,La Liga,25-066,1999,7.7,4,2,2,2,0,3,7,42.9,4,9,1,8,2,6,7,0
Valentin Mihaila,ROU,"FW,MF",Parma,Serie A,24-280,2000,6.8,20,9,5,10,5,6,12,50.0,6,8,0,8,2,22,1,0
Georges Mikautadze,GEO,FW,Lyon,Ligue 1,24-008,2000,5.0,4,3,1,1,2,1,3,33.3,2,2,0,2,1,5,0,0
Nikola Milenković,SRB,DF,Nott'ham Forest,Premier League,27-027,1997,9.0,7,7,4,3,0,4,5,80.0,1,9,6,3,10,17,34,0
Vanja Milinković-Savić,SRB,GK,Torino,Serie A,27-262,1997,10.0,0,0,0,0,0,0,2,0.0,2,0,0,0,0,0,3,1
Éder Militão,BRA,DF,Real Madrid,La Liga,26-295,1998,10.1,19,17,14,5,0,7,12,58.3,5,13,8,5,12,31,34,0
Luis Milla,ESP,MF,Getafe,La Liga,30-032,1994,11.8,23,18,12,9,2,13,28,46.4,15,17,0,17,8,31,8,0
Pere Milla,ESP,"MF,FW",Espanyol,La Liga,32-046,1992,2.3,3,1,2,0,1,0,10,0.0,10,6,2,4,2,5,2,0
Enzo Millot,FRA,"MF,FW",Stuttgart,Bundesliga,22-114,2002,6.7,8,8,2,4,2,4,13,30.8,9,9,0,9,4,12,2,0
James Milner,ENG,MF,Brighton,Premier League,38-309,1986,1.9,5,2,1,3,1,3,3,100.0,0,4,2,2,2,7,2,1
Kim Min-jae,KOR,DF,Bayern Munich,Bundesliga,27-359,1996,8.5,11,7,3,7,1,3,7,42.9,4,9,5,4,13,24,22,1
Yerry Mina,COL,DF,Cagliari,Serie A,30-046,1994,8.1,19,6,12,6,1,14,17,82.4,3,15,9,6,7,26,45,1
Takumi Minamino,JPN,"MF,FW",Monaco,Ligue 1,29-297,1995,7.4,5,4,2,2,1,1,8,12.5,7,9,1,8,3,8,4,0
Lucas Mincarelli,FRA,DF,Montpellier,Ligue 1,20-308,2004,2.8,4,4,1,2,1,1,5,20.0,4,1,1,0,1,5,8,0
Óscar Mingueza,ESP,"MF,DF",Celta Vigo,La Liga,25-179,1999,9.5,15,8,6,6,3,12,23,52.2,11,13,3,10,5,20,15,1
Kim Minsu,KOR,MF,Girona,La Liga,18-294,2006,0.2,1,0,0,1,0,0,0,,0,0,0,0,0,1,0,0
Yankuba Minteh,GAM,"FW,MF",Brighton,Premier League,20-109,2004,4.5,5,3,1,1,3,3,11,27.3,8,7,0,7,3,8,4,0
Bojan Miovski,MKD,FW,Girona,La Liga,25-137,1999,4.2,5,4,0,2,3,2,6,33.3,4,3,0,3,1,6,3,0
Rafa Mir,ESP,"MF,FW",Valencia,La Liga,27-143,1997,2.7,6,3,4,2,0,1,3,33.3,2,1,0,1,0,6,5,0
Juan Miranda,ESP,DF,Bologna,Serie A,24-294,2000,5.5,12,8,6,4,2,6,12,50.0,6,7,1,6,8,20,4,0
Fabio Miretti,ITA,"MF,DF",Genoa,Serie A,21-097,2003,3.6,10,5,3,4,3,8,9,88.9,1,3,0,3,1,11,2,0
Tyrick Mitchell,ENG,"DF,MF",Crystal Palace,Premier League,25-068,1999,9.4,28,20,17,9,2,6,10,60.0,4,18,3,15,5,33,23,1
Kaoru Mitoma,JPN,"FW,MF",Brighton,Premier League,27-172,1997,9.2,15,9,4,6,5,9,17,52.9,8,15,0,15,4,19,2,0
Maximilian Mittelstädt,GER,DF,Stuttgart,Bundesliga,27-235,1997,7.0,18,12,12,6,0,11,17,64.7,6,15,7,8,10,28,19,1
Koji Miyoshi,JPN,"MF,FW",Bochum,Bundesliga,27-227,1997,2.2,4,4,0,1,3,2,6,33.3,4,5,1,4,1,5,2,0
Henrikh Mkhitaryan,ARM,MF,Inter,Serie A,35-292,1989,9.6,13,8,3,7,3,6,15,40.0,9,6,0,6,8,21,15,0
Jakub Moder,POL,MF,Brighton,Premier League,25-215,1999,0.0,0,0,0,0,0,0,0,,0,0,0,0,0,0,0,0
Rui Modesto,ANG,DF,Udinese,Serie A,25-032,1999,0.2,1,1,0,1,0,1,1,100.0,0,0,0,0,1,2,0,0
Luka Modrić,CRO,MF,Real Madrid,La Liga,39-060,1985,6.1,4,1,3,0,1,3,8,37.5,5,5,1,4,6,10,6,0
Max Moerstedt,GER,FW,Hoffenheim,Bundesliga,,,0.6,0,0,0,0,0,0,0,,0,0,0,0,0,0,2,0
Mostafa Mohamed,EGY,FW,Nantes,Ligue 1,26-346,1997,3.7,6,4,3,2,1,2,5,40.0,3,2,0,2,2,8,10,0
Johan Mojica,COL,DF,Mallorca,La Liga,32-079,1992,9.1,12,8,10,1,1,7,12,58.3,5,3,1,2,9,21,31,0
Alberto Moleiro,ESP,"FW,MF",Las Palmas,La Liga,21-039,2003,10.6,10,4,4,5,1,7,19,36.8,12,10,0,10,5,15,5,0
Nahuel Molina,ARG,DF,Atlético Madrid,La Liga,26-216,1998,6.8,14,7,7,7,0,10,21,47.6,11,8,0,8,6,20,18,0
Florent Mollet,FRA,"MF,FW",Nantes,Ligue 1,32-355,1991,1.1,1,1,1,0,0,1,1,100.0,0,1,0,1,1,2,1,0
Jon Moncayola,ESP,"MF,FW",Osasuna,La Liga,26-179,1998,7.7,28,13,5,19,4,8,16,50.0,8,15,1,14,6,34,9,0
Gonzalo Montiel,ARG,"MF,DF",Sevilla,La Liga,27-312,1997,0.1,0,0,0,0,0,0,0,,0,0,0,0,0,0,0,0
Lorenzo Montipò,ITA,GK,Hellas Verona,Serie A,28-262,1996,10.0,0,0,0,0,0,0,0,,0,0,0,0,0,0,4,2
Mikey Moore,ENG,FW,Tottenham,Premier League,17-089,2007,0.9,0,0,0,0,0,0,0,,0,0,0,0,1,1,0,0
Álvaro Morata,ESP,"FW,MF",Milan,Serie A,32-016,1992,5.9,5,4,1,4,0,2,3,66.7,1,4,1,3,5,10,1,0
Morato,BRA,DF,Nott'ham Forest,Premier League,23-131,2001,0.8,1,1,1,0,0,0,0,,0,1,1,0,2,3,14,0
Diego Moreira,POR,"DF,FW",Strasbourg,Ligue 1,20-094,2004,8.2,15,10,4,7,4,6,11,54.5,5,5,1,4,9,24,15,0
Alberto Moreno,ESP,DF,Como,Serie A,32-126,1992,11.3,17,9,10,7,0,8,14,57.1,6,9,1,8,11,28,18,2
Álex Moreno,ESP,DF,Nott'ham Forest,Premier League,31-153,1993,5.8,13,10,11,2,0,8,22,36.4,14,7,3,4,7,20,21,0
Gerard Moreno,ESP,FW,Villarreal,La Liga,32-215,1992,1.3,2,2,0,0,2,1,1,100.0,0,0,0,0,0,2,1,0
Tete Morente,ESP,"FW,MF",Lecce,Serie A,27-340,1996,4.3,7,4,2,4,1,2,10,20.0,8,6,0,6,3,10,3,0
Ilaix Moriba,GUI,MF,Celta Vigo,La Liga,21-294,2003,4.3,8,6,3,5,0,7,18,38.9,11,4,1,3,4,12,5,0
Manu Morlanes,ESP,MF,Mallorca,La Liga,25-301,1999,6.7,16,11,8,5,3,9,14,64.3,5,11,5,6,15,31,10,0
Nikola Moro,CRO,MF,Bologna,Serie A,26-241,1998,5.8,14,12,4,8,2,10,13,76.9,3,10,5,5,4,18,5,0
Raúl Moro,ESP,"FW,MF",Valladolid,La Liga,21-339,2002,9.5,11,7,8,2,1,5,15,33.3,10,5,0,5,7,18,6,0
Sam Morsy,EGY,MF,Ipswich Town,Premier League,33-059,1991,8.9,27,17,13,11,3,12,21,57.1,9,10,4,6,3,30,13,1
Cristhian Mosquera,ESP,DF,Valencia,La Liga,20-134,2004,11.0,9,4,8,1,0,2,4,50.0,2,12,8,4,12,21,39,0
Daniel Mosquera,COL,FW,Hellas Verona,Serie A,25-019,1999,4.3,4,2,1,1,2,0,2,0.0,2,3,1,2,0,4,4,0
Yerson Mosquera,COL,DF,Wolves,Premier League,23-190,2001,4.9,11,7,9,2,0,9,14,64.3,5,13,10,3,10,21,14,0
Dany Mota,POR,MF,Monza,Serie A,26-190,1998,6.0,5,1,1,0,4,1,3,33.3,2,9,0,9,5,10,5,0
Yael Mouanga,FRA,DF,Montpellier,Ligue 1,19-108,2005,1.0,2,2,2,0,0,1,1,100.0,0,3,3,0,0,2,7,0
Aimen Moueffek,FRA,MF,Saint-Étienne,Ligue 1,23-213,2001,4.7,8,4,1,6,1,1,8,12.5,7,5,3,2,2,10,14,0
Youssoufa Moukoko,GER,"FW,MF",Nice,Ligue 1,19-354,2004,2.0,1,0,1,0,0,0,1,0.0,1,0,0,0,0,1,0,0
Steve Mounié,BEN,FW,Augsburg,Bundesliga,30-040,1994,2.0,2,2,0,0,2,0,1,0.0,1,1,1,0,0,2,1,0
Mason Mount,ENG,"MF,FW",Manchester Utd,Premier League,25-303,1999,1.6,5,1,2,3,0,4,5,80.0,1,3,0,3,0,5,0,0
Santiago Mouriño,URU,DF,Alavés,La Liga,22-269,2002,3.1,11,8,10,1,0,6,12,50.0,6,4,0,4,4,15,12,0
Louis Mouton,FRA,MF,Saint-Étienne,Ligue 1,22-158,2002,2.3,7,3,2,2,3,2,6,33.3,4,2,1,1,3,10,3,0
Mykhailo Mudryk,UKR,FW,Chelsea,Premier League,23-308,2001,1.4,1,1,1,0,0,0,0,,0,2,1,1,0,1,1,0
Ngal'Ayel Mukau,,MF,Lille,Ligue 1,19-344,2004,2.7,9,7,3,5,1,6,11,54.5,5,7,0,7,6,15,4,0
Nordi Mukiele,FRA,DF,Leverkusen,Bundesliga,27-007,1997,1.1,3,2,0,2,1,2,2,100.0,0,1,0,1,2,5,4,1
Florian Müller,GER,GK,Freiburg,Bundesliga,26-361,1997,2.0,0,0,0,0,0,0,0,,0,0,0,0,0,0,0,0
Kevin Müller,GER,GK,Heidenheim,Bundesliga,33-238,1991,9.0,0,0,0,0,0,0,0,,0,0,0,0,0,0,2,0
Thomas Müller,GER,MF,Bayern Munich,Bundesliga,35-056,1989,3.9,4,2,1,2,1,2,5,40.0,3,4,0,4,0,4,4,0
Abdul Mumin,GHA,DF,Rayo Vallecano,La Liga,26-155,1998,10.0,8,7,5,3,0,1,8,12.5,7,17,12,5,14,22,55,0
Marshall Munetsi,ZIM,MF,Reims,Ligue 1,28-139,1996,8.9,17,10,11,2,4,10,18,55.6,8,12,3,9,7,24,13,0
Rodrigo Muniz,BRA,FW,Fulham,Premier League,23-188,2001,3.4,0,0,0,0,0,0,0,,0,1,1,0,1,1,4,0
Aihen Muñoz,ESP,DF,Real Sociedad,La Liga,27-084,1997,1.4,1,1,1,0,0,1,2,50.0,1,1,1,0,1,2,7,0
Álex Muñoz,ESP,DF,Las Palmas,La Liga,30-101,1994,8.6,21,17,10,10,1,14,21,66.7,7,14,4,10,12,33,34,0
Daniel Muñoz,COL,"DF,MF",Crystal Palace,Premier League,28-166,1996,9.1,35,25,18,12,5,14,25,56.0,11,9,1,8,8,43,29,0
Iker Muñoz,ESP,MF,Osasuna,La Liga,22-003,2002,0.5,0,0,0,0,0,0,0,,0,0,0,0,0,0,1,0
Javier Muñoz,ESP,MF,Las Palmas,La Liga,29-254,1995,7.8,16,12,6,7,3,7,15,46.7,8,9,0,9,8,24,8,1
Arijanet Muric,KVX,GK,Ipswich Town,Premier League,26-001,1998,9.0,0,0,0,0,0,0,2,0.0,2,0,0,0,0,0,3,3
Murillo,BRA,DF,Nott'ham Forest,Premier League,22-127,2002,10.0,9,5,6,3,0,6,16,37.5,10,16,12,4,5,14,58,1
Vedat Muriqi,KVX,FW,Mallorca,La Liga,30-198,1994,7.5,0,0,0,0,0,0,1,0.0,1,0,0,0,4,4,14,0
Jacob Murphy,ENG,FW,Newcastle Utd,Premier League,29-258,1995,5.5,8,6,4,3,1,5,9,55.6,4,7,0,7,2,10,2,0
Yunus Musah,USA,"MF,DF",Milan,Serie A,21-345,2002,3.2,7,6,3,2,2,1,1,100.0,0,2,0,2,3,10,2,1
Jamal Musiala,GER,MF,Bayern Munich,Bundesliga,21-256,2003,5.8,9,6,2,4,3,1,7,14.3,6,4,0,4,4,13,3,0
Florent Muslija,KVX,"FW,MF",Freiburg,Bundesliga,26-125,1998,1.4,4,3,3,0,1,2,2,100.0,0,0,0,0,1,5,1,0
Juan Musso,ARG,GK,Atalanta,Serie A,30-186,1994,1.0,0,0,0,0,0,0,0,,0,0,0,0,0,0,0,0
Juan Musso,ARG,GK,Atlético Madrid,La Liga,30-186,1994,1.0,0,0,0,0,0,0,0,,0,0,0,0,0,0,0,0
Kingstone Mutandwa,ZAM,"MF,FW",Cagliari,Serie A,21-308,2003,0.5,0,0,0,0,0,0,0,,0,0,0,0,0,0,0,0
Junior Mwanga,FRA,MF,Strasbourg,Ligue 1,21-181,2003,2.6,13,6,9,3,1,5,7,71.4,2,1,0,1,2,15,1,0
Phillipp Mwene,AUT,DF,Mainz 05,Bundesliga,30-284,1994,8.9,14,7,5,7,2,4,9,44.4,5,9,2,7,10,24,19,0
Vitaliy Mykolenko,UKR,DF,Everton,Premier League,25-163,1999,7.3,11,8,8,3,0,5,9,55.6,4,5,2,3,7,18,30,1
Joakim Mæhle,DEN,DF,Wolfsburg,Bundesliga,27-172,1997,2.2,1,0,0,1,0,0,0,,0,0,0,0,2,3,3,0
Obite N'Dicka,CIV,DF,Roma,Serie A,25-080,1999,11.0,13,11,7,6,0,8,9,88.9,1,15,10,5,10,23,37,1
Nathan N'Goumou,FRA,FW,Gladbach,Bundesliga,24-239,2000,2.6,5,5,3,1,1,2,4,50.0,2,5,0,5,2,7,3,0
Stanley N'Soki,FRA,DF,Hoffenheim,Bundesliga,25-213,1999,2.1,4,3,3,1,0,3,4,75.0,1,4,2,2,4,8,7,0
Mickael Nade,FRA,DF,Saint-Étienne,Ligue 1,25-249,1999,5.6,18,12,10,8,0,8,8,100.0,0,11,3,8,7,25,16,2
Mahamadou Nagida,CMR,"DF,MF",Rennes,Ligue 1,19-133,2005,0.5,1,1,0,0,1,1,1,100.0,0,1,0,1,2,3,0,0
Keito Nakamura,JPN,FW,Reims,Ligue 1,24-103,2000,8.4,12,9,4,5,3,5,9,55.6,4,8,0,8,5,17,4,0
Sebastian Nanasi,SWE,"FW,MF",Strasbourg,Ligue 1,22-176,2002,7.3,3,2,0,3,0,1,5,20.0,4,6,1,5,2,5,4,0
Matija Nastasić,SRB,DF,Leganés,La Liga,31-225,1993,6.5,5,3,4,1,0,2,5,40.0,3,16,12,4,6,11,42,0
Natan,BRA,DF,Betis,La Liga,23-276,2001,7.1,8,6,6,1,1,6,6,100.0,0,9,5,4,9,17,34,0
Pau Navarro,ESP,DF,Villarreal,La Liga,19-197,2005,0.7,2,2,1,1,0,2,3,66.7,1,1,1,0,0,2,4,0
Roberto Navarro,ESP,"MF,FW",Mallorca,La Liga,22-210,2002,6.1,14,9,7,4,3,5,11,45.5,6,8,0,8,10,24,4,0
Jesús Navas,ESP,"FW,MF",Sevilla,La Liga,38-353,1985,3.2,4,2,2,0,2,0,1,0.0,1,0,0,0,2,6,4,0
Michel Ndary Adopo,FRA,MF,Cagliari,Serie A,24-112,2000,5.6,13,8,4,9,0,2,5,40.0,3,3,0,3,5,18,3,0
Youssouf Ndayishimiye,BDI,"DF,MF",Nice,Ligue 1,26-012,1998,5.5,16,7,12,3,1,7,10,70.0,3,7,4,3,6,22,28,1
Iliman Ndiaye,SEN,FW,Everton,Premier League,24-247,2000,8.0,16,9,7,4,5,7,14,50.0,7,10,3,7,11,27,6,0
Junior Ndiaye,FRA,DF,Montpellier,Ligue 1,19-224,2005,0.0,0,0,0,0,0,0,0,,0,0,0,0,0,0,0,0
Rassoul Ndiaye,SEN,MF,Le Havre,Ligue 1,22-333,2001,4.8,14,10,7,7,0,1,11,9.1,10,4,0,4,3,17,0,0
Wilfred Ndidi,NGA,MF,Leicester City,Premier League,27-328,1996,9.4,34,19,20,11,3,10,19,52.6,9,23,9,14,5,39,31,0
Tanguy Ndombele,FRA,MF,Nice,Ligue 1,27-316,1996,5.9,20,13,5,14,1,7,10,70.0,3,6,0,6,6,26,2,0
Dan Ndoye,SUI,FW,Bologna,Serie A,24-014,2000,6.5,3,2,2,1,0,0,4,0.0,4,6,0,6,1,4,2,0
Paul Nebel,GER,"MF,DF",Mainz 05,Bundesliga,22-029,2002,3.0,7,4,2,3,2,2,5,40.0,3,6,0,6,5,12,5,0
Kosta Nedeljković,SRB,DF,Aston Villa,Premier League,18-328,2005,1.1,7,5,1,3,3,2,3,66.7,1,1,0,1,0,7,3,0
Loïc Nego,HUN,"DF,FW",Le Havre,Ligue 1,33-298,1991,8.0,17,10,10,5,2,13,21,61.9,8,4,0,4,12,29,19,0
Reiss Nelson,ENG,FW,Arsenal,Premier League,24-334,1999,0.0,1,0,0,1,0,0,1,0.0,1,0,0,0,0,1,1,0
Reiss Nelson,ENG,"FW,MF",Fulham,Premier League,24-334,1999,2.3,4,2,2,1,1,2,6,33.3,4,9,0,9,0,4,0,0
David Neres,BRA,"FW,MF",Napoli,Serie A,27-250,1997,2.1,2,1,0,1,1,0,0,,0,2,0,2,0,2,0,0
Neto,BRA,GK,Bournemouth,Premier League,35-112,1989,2.0,0,0,0,0,0,0,0,,0,0,0,0,0,0,1,1
Pedro Neto,POR,FW,Chelsea,Premier League,24-244,2000,5.2,6,2,1,4,1,4,6,66.7,2,5,0,5,3,9,2,0
Luca Netz,GER,DF,Gladbach,Bundesliga,21-177,2003,5.9,13,6,9,3,1,5,10,50.0,5,9,2,7,7,20,13,0
Manuel Neuer,GER,GK,Bayern Munich,Bundesliga,38-226,1986,8.0,0,0,0,0,0,0,0,,0,0,0,0,0,0,4,1
Florian Neuhaus,GER,"MF,FW",Gladbach,Bundesliga,27-237,1997,0.5,2,0,1,1,0,1,6,16.7,5,1,0,1,1,3,0,0
João Neves,POR,MF,Paris S-G,Ligue 1,20-042,2004,8.7,36,18,10,18,8,13,23,56.5,10,11,3,8,6,42,3,0
Yvan Neyou,CMR,MF,Leganés,La Liga,27-310,1997,7.8,16,12,5,9,2,8,16,50.0,8,12,0,12,6,22,12,0
Cyril Ngonge,BEL,"FW,DF",Napoli,Serie A,24-166,2000,1.1,1,1,0,1,0,0,2,0.0,2,0,0,0,0,1,3,0
Mikayil Ngor Faye,SEN,DF,Rennes,Ligue 1,20-117,2004,3.4,8,5,5,2,1,5,5,100.0,0,3,1,2,4,12,14,0
Steve Ngoura,FRA,FW,Le Havre,Ligue 1,19-260,2005,0.8,0,0,0,0,0,0,0,,0,1,0,1,0,0,0,0
Moussa Niakhate,SEN,DF,Lyon,Ligue 1,28-245,1996,8.0,22,13,19,3,0,11,13,84.6,2,7,4,3,2,24,25,2
Abdoulaye Niakhate Ndiaye,SEN,DF,Brest,Ligue 1,22-212,2002,2.6,3,2,1,2,0,2,3,66.7,1,4,0,4,4,7,18,0
Ibrahima Niane,SEN,FW,Angers,Ligue 1,25-242,1999,4.2,3,1,2,1,0,2,2,100.0,0,5,1,4,0,3,3,1
Tanguy Nianzou,FRA,DF,Sevilla,La Liga,22-154,2002,5.8,7,5,6,0,1,5,6,83.3,1,1,0,1,8,15,27,0
Rasmus Nicolaisen,DEN,DF,Toulouse,Ligue 1,27-237,1997,6.9,6,3,4,2,0,3,5,60.0,2,10,5,5,10,16,25,0
Moritz Nicolas,GER,GK,Gladbach,Bundesliga,27-018,1997,6.0,0,0,0,0,0,0,0,,0,0,0,0,0,0,4,1
Hans Nicolussi Caviglia,ITA,MF,Venezia,Serie A,24-143,2000,6.3,10,4,0,5,5,7,10,70.0,3,6,2,4,4,14,8,1
Saúl Ñíguez,ESP,MF,Sevilla,La Liga,29-353,1994,3.6,9,6,3,3,3,1,4,25.0,3,6,1,5,2,11,4,0
Eybi Nije,SWE,"FW,MF",Torino,Serie A,19-178,2005,1.9,5,1,3,1,1,0,2,0.0,2,3,0,3,0,5,0,0
Justin Njinmah,GER,"MF,FW",Werder Bremen,Bundesliga,23-359,2000,2.5,1,1,1,0,0,1,1,100.0,0,0,0,0,2,3,0,0
Eddie Nketiah,ENG,"MF,FW",Crystal Palace,Premier League,25-162,1999,5.4,8,3,3,2,3,3,7,42.9,4,5,0,5,1,9,5,0
Niels Nkounkou,FRA,"MF,DF",Eint Frankfurt,Bundesliga,24-007,2000,2.8,3,2,1,0,2,0,1,0.0,1,3,2,1,3,6,6,0
Christopher Nkunku,FRA,FW,Chelsea,Premier League,26-360,1997,1.8,3,3,0,1,2,2,2,100.0,0,3,1,2,1,4,3,0
Felix Nmecha,GER,MF,Dortmund,Bundesliga,24-029,2000,4.0,7,5,0,4,3,2,5,40.0,3,4,1,3,6,13,7,0
Lukas Nmecha,GER,FW,Wolfsburg,Bundesliga,25-330,1998,0.1,0,0,0,0,0,0,0,,0,0,0,0,0,0,0,0
Arnaud Nordin,FRA,FW,Montpellier,Ligue 1,26-144,1998,8.2,15,9,4,10,1,9,15,60.0,6,6,0,6,2,17,5,0
Brooke Norton-Cuffy,ENG,"DF,MF",Genoa,Serie A,20-301,2004,1.1,0,0,0,0,0,0,1,0.0,1,1,0,1,1,1,0,0
Tijjani Noslin,NED,"FW,MF",Lazio,Serie A,25-124,1999,4.5,1,1,0,0,1,0,3,0.0,3,8,0,8,0,1,6,0
Hugo Novoa,ESP,"DF,FW",Alavés,La Liga,21-312,2003,2.5,8,5,4,3,1,5,5,100.0,0,2,1,1,0,8,6,0
Randy Nteka,ANG,FW,Rayo Vallecano,La Liga,26-338,1997,3.2,4,2,0,4,0,2,3,66.7,1,3,1,2,1,5,3,0
Ernest Nuamah,GHA,"FW,DF",Lyon,Ligue 1,21-007,2003,1.7,3,1,2,0,1,2,3,66.7,1,0,0,0,1,4,2,0
Alexander Nübel,GER,GK,Stuttgart,Bundesliga,28-039,1996,9.0,0,0,0,0,0,0,0,,0,0,0,0,0,0,1,0
Matheus Nunes,POR,"MF,FW",Manchester City,Premier League,26-073,1998,2.3,7,3,5,1,1,2,4,50.0,2,2,1,1,1,8,3,0
Darwin Núñez,URU,FW,Liverpool,Premier League,25-137,1999,4.0,10,8,6,2,2,2,7,28.6,5,1,0,1,1,11,5,0
Unai Núñez,ESP,DF,Athletic Club,La Liga,27-283,1997,3.0,2,2,1,1,0,0,1,0.0,1,2,2,0,12,14,13,1
Antonio Nusa,NOR,"MF,DF",RB Leipzig,Bundesliga,19-205,2005,5.7,12,7,7,3,2,6,12,50.0,6,8,1,7,3,15,6,0
Ethan Nwaneri,ENG,"MF,FW",Arsenal,Premier League,17-232,2007,0.6,1,0,0,1,0,0,0,,0,4,1,3,0,1,1,0
Ørjan Nyland,NOR,GK,Sevilla,La Liga,34-059,1990,10.7,1,1,1,0,0,1,1,100.0,0,0,0,0,0,1,6,1
Allan Nyom,CMR,DF,Getafe,La Liga,36-182,1988,1.5,2,1,1,1,0,2,3,66.7,1,0,0,0,2,4,2,0
Rabby Nzingoula,CGO,MF,Montpellier,Ligue 1,18-349,2005,5.7,20,12,8,9,3,7,15,46.7,8,7,2,5,10,30,4,0
M'Bala Nzola,ANG,FW,Lens,Ligue 1,28-082,1996,4.7,2,1,0,0,2,2,2,100.0,0,3,1,2,2,4,3,0
Marwann Nzuzi,FRA,DF,Saint-Étienne,Ligue 1,20-176,2004,1.4,2,2,1,0,1,1,2,50.0,1,0,0,0,2,4,6,0
Christian Nørgaard,DEN,MF,Brentford,Premier League,30-243,1994,7.7,21,14,10,11,0,11,15,73.3,4,16,3,13,13,34,18,1
Jake O'Brien,IRL,DF,Everton,Premier League,23-177,2001,0.3,2,2,1,1,0,2,2,100.0,0,1,0,1,0,2,0,0
Dara O'Shea,IRL,DF,Ipswich Town,Premier League,25-249,1999,6.7,6,3,5,1,0,2,3,66.7,1,13,12,1,13,19,36,1
Adam Obert,SVK,DF,Cagliari,Serie A,22-077,2002,2.9,6,4,1,5,0,3,8,37.5,5,8,4,4,7,13,14,1
Jan Oblak,SVN,GK,Atlético Madrid,La Liga,31-306,1993,11.0,0,0,0,0,0,0,0,,0,0,0,0,0,0,3,1
Lucas Ocampos,ARG,FW,Sevilla,La Liga,30-120,1994,1.9,3,2,2,0,1,1,2,50.0,1,2,0,2,0,3,2,0
Jens Odgaard,DEN,"MF,FW",Bologna,Serie A,25-222,1999,4.6,5,4,1,4,0,1,3,33.3,2,6,1,5,1,6,1,0
Wilson Odobert,FRA,FW,Tottenham,Premier League,19-346,2004,1.8,5,2,2,2,1,4,6,66.7,2,1,0,1,0,5,1,1
Álvaro Odriozola,ESP,DF,Real Sociedad,La Liga,28-330,1995,0.5,1,1,1,0,0,0,0,,0,0,0,0,0,1,1,0
Tim Oermann,GER,DF,Bochum,Bundesliga,21-033,2003,2.3,4,2,3,1,0,3,8,37.5,5,2,2,0,4,8,7,0
Chiedozie Ogbene,IRL,FW,Ipswich Town,Premier League,27-191,1997,2.6,7,3,1,2,4,2,4,50.0,2,1,0,1,1,8,3,0
Ifechukwu Ogbus,SUI,DF,Freiburg,Bundesliga,18-327,2005,0.2,1,1,0,0,1,0,1,0.0,1,0,0,0,1,2,2,0
Hamzat Ojediran,NGA,MF,Lens,Ligue 1,20-360,2003,2.0,9,5,3,6,0,3,7,42.9,4,3,0,3,4,13,3,0
Noah Okafor,SUI,FW,Milan,Serie A,24-168,2000,4.3,2,1,0,0,2,0,1,0.0,1,1,0,1,2,4,1,0
Caleb Okoli,ITA,DF,Leicester City,Premier League,23-118,2001,7.0,17,9,6,10,1,8,10,80.0,2,15,10,5,7,24,48,1
Yllan Okou,FRA,DF,Hellas Verona,Serie A,21-321,2002,0.0,0,0,0,0,0,0,0,,0,1,0,1,0,0,0,0
Maduka Okoye,NGA,GK,Udinese,Serie A,25-072,1999,11.0,0,0,0,0,0,0,0,,0,0,0,0,0,0,3,1
Joseph Okumu,KEN,DF,Reims,Ligue 1,27-166,1997,5.3,14,8,11,3,0,9,13,69.2,4,13,9,4,11,25,21,2
Olasagasti,ESP,MF,Real Sociedad,La Liga,24-084,2000,0.8,3,2,2,1,0,0,2,0.0,2,0,0,0,1,4,1,0
Ben Old,NZL,"MF,FW",Saint-Étienne,Ligue 1,22-087,2002,4.2,4,4,3,1,0,2,8,25.0,6,5,1,4,1,5,1,0
Michael Olise,FRA,FW,Bayern Munich,Bundesliga,22-332,2001,6.7,12,8,3,7,2,4,9,44.4,5,5,0,5,2,14,4,0
Brian Oliván,ESP,"DF,MF",Espanyol,La Liga,30-221,1994,3.7,6,5,4,2,0,1,5,20.0,4,3,1,2,3,9,9,0
Lucas Oliveira Rosa,BRA,DF,Valladolid,La Liga,24-219,2000,11.0,27,18,22,4,1,18,27,66.7,9,15,7,8,15,42,29,2
Mathías Olivera,URU,DF,Napoli,Serie A,27-008,1997,8.4,26,13,15,8,3,12,18,66.7,6,13,4,9,8,34,20,0
Dani Olmo,ESP,MF,Barcelona,La Liga,26-185,1998,3.0,3,1,1,1,1,1,6,16.7,5,1,1,0,1,4,0,0
Warmed Omari,COM,DF,Lyon,Ligue 1,24-199,2000,0.1,0,0,0,0,0,0,0,,0,0,0,0,0,0,1,0
Becir Omeragic,SUI,DF,Montpellier,Ligue 1,22-293,2002,5.4,13,5,9,4,0,7,11,63.6,4,5,3,2,5,18,17,0
Jonas Omlin,SUI,GK,Gladbach,Bundesliga,30-303,1994,3.0,0,0,0,0,0,0,0,,0,0,0,0,0,0,0,0
Ado Onaiwu,JPN,"FW,MF",Auxerre,Ligue 1,29-000,1995,3.9,5,4,0,5,0,2,3,66.7,1,1,0,1,1,6,4,0
Amadou Onana,BEL,MF,Aston Villa,Premier League,23-084,2001,7.0,22,13,11,9,2,8,16,50.0,8,8,4,4,13,35,15,2
André Onana,CMR,GK,Manchester Utd,Premier League,28-220,1996,10.0,1,1,1,0,0,1,1,100.0,0,0,0,0,0,1,4,1
Karim Onisiwo,AUT,"MF,FW",Mainz 05,Bundesliga,32-236,1992,1.0,0,0,0,0,0,0,0,,0,0,0,0,0,0,0,0
Paul Onuachu,NGA,FW,Southampton,Premier League,30-164,1994,0.5,0,0,0,0,0,0,0,,0,0,0,0,1,1,0,0
Frank Onyeka,NGA,MF,Brentford,Premier League,26-312,1998,0.3,0,0,0,0,0,0,0,,0,0,0,0,0,0,0,0
Frank Onyeka,NGA,MF,Augsburg,Bundesliga,26-312,1998,6.7,17,14,5,8,4,7,14,50.0,7,7,2,5,9,26,5,0
Loïs Openda,BEL,FW,RB Leipzig,Bundesliga,24-266,2000,8.2,2,2,0,2,0,1,4,25.0,3,7,0,7,0,2,1,0
Christopher Operi,CIV,"DF,FW",Le Havre,Ligue 1,27-193,1997,8.0,6,4,3,1,2,1,4,25.0,3,9,2,7,9,15,19,0
Victor Orakpo,NGA,FW,Nice,Ligue 1,18-147,2006,0.3,0,0,0,0,0,0,0,,0,0,0,0,0,0,0,0
Gift Orban,NGA,"FW,DF",Lyon,Ligue 1,22-114,2002,2.1,0,0,0,0,0,0,1,0.0,1,0,0,0,0,0,0,0
Willi Orban,HUN,DF,RB Leipzig,Bundesliga,32-005,1992,6.9,17,9,9,8,0,10,13,76.9,3,14,10,4,7,24,46,1
Ivan Ordets,UKR,DF,Bochum,Bundesliga,32-123,1992,4.0,3,1,2,1,0,3,3,100.0,0,3,2,1,2,5,22,0
Gaetano Oristanio,ITA,"MF,FW",Venezia,Serie A,22-041,2002,8.2,7,5,3,3,1,3,6,50.0,3,10,0,10,4,11,4,0
Aimar Oroz,ESP,MF,Osasuna,La Liga,22-347,2001,10.7,13,8,5,5,3,6,15,40.0,9,13,1,12,11,24,1,0
Riccardo Orsolini,ITA,"FW,MF",Bologna,Serie A,27-289,1997,7.2,4,4,1,2,1,1,4,25.0,3,9,0,9,3,7,2,0
Gabriel Osei Misehouy,NED,"FW,MF",Girona,La Liga,19-113,2005,2.1,0,0,0,0,0,0,0,,0,0,0,0,0,0,0,0
Gabriel Osho,NGA,DF,Auxerre,Ligue 1,26-086,1998,7.1,8,7,8,0,0,5,9,55.6,4,17,11,6,5,13,40,0
Yordan Osorio,VEN,DF,Parma,Serie A,30-182,1994,1.9,5,3,4,1,0,2,2,100.0,0,3,1,2,4,9,6,1
Patrick Osterhage,GER,MF,Freiburg,Bundesliga,24-281,2000,7.9,19,12,7,11,1,5,11,45.5,6,7,0,7,9,28,7,0
William Osula,DEN,"FW,MF",Newcastle Utd,Premier League,21-096,2003,0.1,0,0,0,0,0,0,0,,0,0,0,0,0,0,0,0
Jibril Othman,TUN,FW,Saint-Étienne,Ligue 1,20-196,2004,0.1,0,0,0,0,0,0,0,,0,0,0,0,0,0,0,0
David Otorbi,ESP,MF,Valencia,La Liga,17-023,2007,0.2,0,0,0,0,0,0,0,,0,1,0,1,0,0,0,0
Dango Ouattara,BFA,"FW,DF",Bournemouth,Premier League,22-271,2002,4.6,12,12,2,5,5,7,12,58.3,5,7,1,6,3,15,13,0
Guimissongui Ouattara,FRA,"FW,MF",Strasbourg,Ligue 1,19-017,2005,0.2,1,1,0,0,1,0,0,,0,0,0,0,0,1,0,0
Kassoum Ouattara,FRA,"DF,FW",Monaco,Ligue 1,20-025,2004,1.9,6,4,3,3,0,3,6,50.0,3,2,0,2,3,9,1,0
Remi Oudin,FRA,"MF,FW",Lecce,Serie A,27-356,1996,1.7,2,0,1,0,1,2,4,50.0,2,1,1,0,1,3,0,0
Assan Ouedraogo,GER,MF,RB Leipzig,Bundesliga,18-183,2006,0.1,0,0,0,0,0,0,0,,0,1,0,1,0,0,0,0
Zinédine Ould Khaled,FRA,MF,Angers,Ligue 1,24-299,2000,0.6,1,1,1,0,0,0,1,0.0,1,2,0,2,0,1,1,0
Beres Owusu,FRA,DF,Saint-Étienne,Ligue 1,21-050,2003,1.0,2,2,1,1,0,2,2,100.0,0,2,2,0,0,2,5,0
Elisha Owusu,GHA,MF,Auxerre,Ligue 1,27-001,1997,8.6,30,17,11,19,0,12,19,63.2,7,12,2,10,15,45,17,0
Mikel Oyarzabal,ESP,"FW,MF",Real Sociedad,La Liga,27-201,1997,7.1,6,2,3,2,1,4,6,66.7,2,3,0,3,0,6,3,0
Salih Özcan,TUR,MF,Wolfsburg,Bundesliga,26-302,1998,3.4,2,2,1,0,1,1,5,20.0,4,5,1,4,6,8,3,0
Cenk Özkacar,TUR,DF,Valladolid,La Liga,24-033,2000,1.2,2,2,2,0,0,2,5,40.0,3,2,1,1,3,5,7,0
Jon Pacheco,ESP,DF,Real Sociedad,La Liga,23-305,2001,3.8,3,2,2,1,0,2,3,66.7,1,5,4,1,3,6,20,1
Willian Pacho,ECU,DF,Paris S-G,Ligue 1,23-023,2001,9.3,21,11,14,7,0,9,13,69.2,4,17,9,8,18,39,31,0
Alex Padilla,ESP,GK,Athletic Club,La Liga,21-068,2003,3.6,0,0,0,0,0,0,0,,0,0,0,0,0,0,2,1
Exequiel Palacios,ARG,MF,Leverkusen,Bundesliga,26-034,1998,1.0,0,0,0,0,0,0,0,,0,1,0,1,0,0,0,0
Tiago Palacios,ARG,DF,Inter,Serie A,21-194,2003,0.1,0,0,0,0,0,0,0,,0,0,0,0,1,1,0,0
Isaac Palazón Camacho,ESP,"FW,MF",Rayo Vallecano,La Liga,29-317,1994,7.0,8,7,3,4,1,3,10,30.0,7,6,1,5,3,11,3,0
Alberto Paleari,ITA,GK,Torino,Serie A,32-071,1992,1.0,0,0,0,0,0,0,0,,0,0,0,0,0,0,2,0
Marco Palestra,ITA,DF,Atalanta,Serie A,19-250,2005,0.7,2,1,1,1,0,1,1,100.0,0,0,0,0,0,2,0,0
João Palhinha,POR,MF,Bayern Munich,Bundesliga,29-122,1995,3.8,7,7,1,5,1,4,7,57.1,3,5,0,5,3,10,4,0
Nicolas Pallois,FRA,DF,Nantes,Ligue 1,37-050,1987,5.0,13,5,10,3,0,10,15,66.7,5,5,2,3,8,21,34,0
Cole Palmer,ENG,"MF,FW",Chelsea,Premier League,22-186,2002,9.6,8,5,4,4,0,3,8,37.5,5,4,1,3,3,11,6,0
Emerson Palmieri,ITA,DF,West Ham,Premier League,30-097,1994,8.5,23,14,15,7,1,9,17,52.9,8,13,3,10,10,33,19,0
Mats Pannewig,GER,MF,Bochum,Bundesliga,20-011,2004,1.0,2,2,1,1,0,0,4,0.0,4,4,0,4,0,2,4,0
Lucas Paquetá,BRA,MF,West Ham,Premier League,27-073,1997,8.0,15,9,8,6,1,5,11,45.5,6,10,2,8,5,20,7,2
Aitor Paredes,ESP,DF,Athletic Club,La Liga,24-193,2000,6.4,4,3,2,2,0,3,8,37.5,5,8,6,2,5,9,41,1
Leandro Paredes,ARG,MF,Roma,Serie A,30-132,1994,1.3,2,1,0,2,0,0,1,0.0,1,2,1,1,2,4,1,1
Daniel Parejo,ESP,MF,Villarreal,La Liga,35-206,1989,8.4,13,11,8,4,1,6,17,35.3,11,5,2,3,5,18,12,1
Fabiano Parisi,ITA,DF,Fiorentina,Serie A,23-365,2000,1.7,6,4,1,3,2,1,2,50.0,1,1,0,1,1,7,3,0
Thomas Partey,GHA,"MF,DF",Arsenal,Premier League,31-148,1993,9.8,30,20,13,9,8,16,29,55.2,13,8,5,3,12,42,23,2
Mario Pašalić,CRO,MF,Atalanta,Serie A,29-273,1995,7.1,7,6,2,4,1,3,10,30.0,7,5,1,4,2,9,10,0
Felix Passlack,GER,DF,Bochum,Bundesliga,26-163,1998,8.0,19,11,14,3,2,13,24,54.2,11,16,6,10,6,25,16,0
Patric,ESP,DF,Lazio,Serie A,31-205,1993,5.2,6,4,4,2,0,3,6,50.0,3,1,1,0,2,8,16,1
Benjamin Pavard,FRA,DF,Inter,Serie A,28-225,1996,7.5,13,6,7,4,2,8,11,72.7,3,7,5,2,6,19,17,0
Aleksandar Pavlovic,GER,MF,Bayern Munich,Bundesliga,20-189,2004,4.6,11,6,2,6,3,5,8,62.5,3,6,1,5,0,11,6,0
Strahinja Pavlović,SRB,DF,Milan,Serie A,23-168,2001,6.0,15,9,11,4,0,8,16,50.0,8,3,2,1,3,18,23,0
Leonardo Pavoletti,ITA,"FW,MF",Cagliari,Serie A,35-348,1988,1.1,0,0,0,0,0,0,0,,0,1,1,0,0,0,1,0
Martín Payero,ARG,MF,Udinese,Serie A,26-058,1998,5.4,8,5,1,3,4,5,9,55.6,4,7,1,6,5,13,4,0
Nicolás Paz,ARG,"MF,FW",Como,Serie A,20-061,2004,8.9,14,10,6,5,3,8,13,61.5,5,15,2,13,10,24,5,0
Mads Pedersen,DEN,DF,Augsburg,Bundesliga,28-068,1996,1.8,5,4,3,1,1,3,3,100.0,0,3,0,3,1,6,5,0
Marcus Pedersen,NOR,DF,Torino,Serie A,24-115,2000,3.7,4,2,2,1,1,3,5,60.0,2,3,1,2,0,4,6,0
Pedri,ESP,MF,Barcelona,La Liga,21-349,2002,9.3,18,10,5,12,1,7,21,33.3,14,15,2,13,8,26,8,1
Pedro,ESP,"FW,MF",Lazio,Serie A,37-103,1987,2.3,4,3,0,3,1,1,3,33.3,2,2,0,2,0,4,1,0
Kévin Pedro,FRA,DF,Saint-Étienne,Ligue 1,18-261,2006,0.1,3,0,2,1,0,3,3,100.0,0,1,0,1,2,5,1,0
Adrià Pedrosa,ESP,"DF,MF",Sevilla,La Liga,26-179,1998,8.6,27,17,21,2,4,17,27,63.0,10,17,3,14,9,36,29,0
Jordan Pefok,USA,FW,Union Berlin,Bundesliga,28-196,1996,5.1,4,3,3,0,1,0,2,0.0,2,4,1,3,3,7,6,0
Pejiño,ESP,FW,Las Palmas,La Liga,28-102,1996,0.2,1,1,0,1,0,1,1,100.0,0,0,0,0,0,1,0,0
Pietro Pellegri,ITA,"FW,MF",Empoli,Serie A,23-236,2001,2.1,4,0,0,4,0,1,2,50.0,1,0,0,0,0,4,2,0
Lorenzo Pellegrini,ITA,MF,Roma,Serie A,28-142,1996,9.1,10,6,2,5,3,3,8,37.5,5,1,0,1,0,10,9,0
Luca Pellegrini,ITA,DF,Lazio,Serie A,25-246,1999,1.7,4,3,1,3,0,2,2,100.0,0,4,0,4,1,5,4,0
Théo Pellenard,FRA,DF,Auxerre,Ligue 1,30-249,1994,0.5,3,2,2,1,0,1,3,33.3,2,1,0,1,0,3,3,0
Andy Pelmard,FRA,DF,Lecce,Serie A,24-241,2000,1.4,6,6,5,1,0,4,4,100.0,0,1,0,1,0,6,5,0
Timothee Pembele,FRA,"FW,DF",Le Havre,Ligue 1,22-060,2002,1.5,3,2,2,0,1,1,2,50.0,1,2,2,0,0,3,5,0
Faris Pemi Moumbagna,CMR,FW,Marseille,Ligue 1,24-130,2000,0.1,0,0,0,0,0,0,0,,0,0,0,0,0,0,0,0
Iñaki Peña,ESP,GK,Barcelona,La Liga,25-251,1999,6.5,0,0,0,0,0,0,2,0.0,2,0,0,0,0,0,9,0
Rubén Peña,ESP,"FW,MF",Osasuna,La Liga,33-113,1991,3.7,4,0,1,1,2,1,7,14.3,6,6,0,6,3,7,6,0
Nicolas Pépé,CIV,"FW,MF",Villarreal,La Liga,29-163,1995,5.5,3,0,1,1,1,0,3,0.0,3,3,1,2,3,6,3,0
Peque,ESP,"MF,FW",Sevilla,La Liga,22-035,2002,5.6,6,2,1,5,0,2,8,25.0,6,7,0,7,4,10,1,0
Andreas Pereira,BRA,MF,Fulham,Premier League,28-312,1996,8.4,6,2,1,3,2,1,13,7.7,12,5,1,4,2,8,2,0
Mathias Pereira Lage,POR,"MF,FW",Brest,Ligue 1,27-344,1996,3.8,8,5,3,3,2,2,3,66.7,1,4,0,4,4,12,6,0
Pedro Pereira,POR,DF,Monza,Serie A,26-291,1998,7.8,11,5,7,4,0,4,11,36.4,7,8,3,5,6,17,20,1
Ricardo Pereira,POR,DF,Leicester City,Premier League,31-033,1993,1.6,3,2,0,1,2,1,4,25.0,3,3,1,2,1,4,0,0
Gastón Pereiro,URU,MF,Genoa,Serie A,29-150,1995,0.3,1,0,0,1,0,1,1,100.0,0,0,0,0,0,1,1,0
Ayoze Pérez,ESP,FW,Villarreal,La Liga,31-102,1993,4.8,4,2,1,3,0,1,6,16.7,5,5,0,5,2,6,5,0
Carles Pérez,ESP,"MF,FW",Getafe,La Liga,26-266,1998,9.2,20,14,5,9,6,14,28,50.0,14,12,1,11,4,24,12,0
Francisco Perez,ESP,MF,Valencia,La Liga,22-060,2002,0.4,1,1,0,1,0,0,1,0.0,1,1,0,1,0,1,1,0
Kike Pérez,ESP,MF,Valladolid,La Liga,27-268,1997,6.5,21,13,7,13,1,8,16,50.0,8,8,3,5,4,25,5,0
Luis Pérez,ESP,DF,Valladolid,La Liga,29-278,1995,11.6,18,12,10,4,4,11,17,64.7,6,17,4,13,14,32,32,0
Nehuén Pérez,ARG,DF,Udinese,Serie A,24-137,2000,2.0,1,1,0,0,1,0,1,0.0,1,2,2,0,1,2,7,0
Simone Perilli,ITA,GK,Hellas Verona,Serie A,29-306,1995,1.0,0,0,0,0,0,0,0,,0,0,0,0,0,0,1,0
Mattia Perin,ITA,GK,Juventus,Serie A,31-364,1992,2.0,0,0,0,0,0,0,0,,0,0,0,0,0,0,0,0
Romain Perraud,FRA,DF,Betis,La Liga,27-047,1997,8.3,14,6,5,5,4,8,22,36.4,14,5,1,4,9,23,26,0
Lucas Perri,BRA,GK,Lyon,Ligue 1,26-334,1997,10.0,0,0,0,0,0,0,2,0.0,2,1,0,1,0,0,6,1
Gaëtan Perrin,FRA,"MF,FW",Auxerre,Ligue 1,28-154,1996,6.6,20,8,11,4,5,10,19,52.6,9,2,0,2,4,24,1,0
Máximo Perrone,ARG,MF,Como,Serie A,21-306,2003,7.3,14,9,8,5,1,4,19,21.1,15,4,0,4,6,20,16,0
Matteo Pessina,ITA,MF,Monza,Serie A,27-201,1997,9.1,15,4,3,11,1,9,13,69.2,4,6,0,6,12,27,7,0
Andrea Petagna,ITA,FW,Monza,Serie A,29-131,1995,2.0,0,0,0,0,0,0,0,,0,0,0,0,1,1,1,0
Léo Pétrot,FRA,DF,Saint-Étienne,Ligue 1,27-207,1997,5.7,18,11,11,6,1,10,12,83.3,2,9,3,6,11,29,21,0
Đorđe Petrović,SRB,GK,Strasbourg,Ligue 1,25-031,1999,7.0,0,0,0,0,0,0,0,,0,0,0,0,0,0,3,0
Giuseppe Pezzella,ITA,"DF,FW",Empoli,Serie A,26-345,1997,9.3,19,13,14,5,0,15,25,60.0,10,8,4,4,4,23,27,0
Kalvin Phillips,ENG,MF,Ipswich Town,Premier League,28-342,1995,6.0,14,6,4,9,1,8,18,44.4,10,16,3,13,7,21,11,1
Jaden Philogene Bidace,ENG,"FW,MF",Aston Villa,Premier League,22-274,2002,1.9,6,4,2,4,0,3,4,75.0,1,0,0,0,0,6,2,0
Pica,ESP,DF,Alavés,La Liga,22-312,2002,3.5,7,6,6,1,0,3,7,42.9,4,5,5,0,6,13,14,0
Roberto Piccoli,ITA,FW,Cagliari,Serie A,23-286,2001,10.1,1,0,0,0,1,1,1,100.0,0,3,2,1,1,2,8,0
Benedikt Pichler,AUT,FW,Holstein Kiel,Bundesliga,27-111,1997,6.7,3,2,1,0,2,1,3,33.3,2,4,2,2,1,4,8,0
Jordan Pickford,ENG,GK,Everton,Premier League,30-246,1994,10.0,0,0,0,0,0,0,0,,0,0,0,0,1,1,12,1
Amos Pieper,GER,DF,Werder Bremen,Bundesliga,26-296,1998,3.4,7,2,5,1,1,3,6,50.0,3,7,3,4,9,16,14,0
Marvin Pieringer,GER,FW,Heidenheim,Bundesliga,25-035,1999,7.4,4,1,1,2,1,2,4,50.0,2,9,0,9,3,7,12,0
Nicholas Pierini,ITA,MF,Venezia,Serie A,26-094,1998,0.9,0,0,0,0,0,0,1,0.0,1,2,0,2,0,0,0,0
Santiago Pierotti,ARG,FW,Lecce,Serie A,23-219,2001,4.0,12,9,7,4,1,8,11,72.7,3,6,2,4,4,16,5,0
Balthazar Pierret,FRA,MF,Lecce,Serie A,24-177,2000,5.8,16,8,10,6,0,3,8,37.5,5,6,1,5,3,19,7,0
Andrea Pinamonti,ITA,FW,Genoa,Serie A,25-173,1999,9.9,4,3,0,3,1,0,2,0.0,2,5,1,4,1,5,11,1
Ethan Pinnock,JAM,DF,Brentford,Premier League,31-163,1993,10.0,24,13,12,9,3,9,12,75.0,3,14,9,5,13,37,61,2
Yeremi Pino,ESP,"MF,FW",Villarreal,La Liga,22-019,2002,3.9,9,6,2,5,2,5,11,45.5,6,6,1,5,1,10,3,0
Niccolò Pisilli,ITA,MF,Roma,Serie A,20-046,2004,4.8,9,7,5,3,1,4,5,80.0,1,5,0,5,2,11,3,0
Semuel Pizzignacco,ITA,GK,Monza,Serie A,23-068,2001,3.0,0,0,0,0,0,0,0,,0,0,0,0,0,0,1,0
Alassane Pléa,FRA,"MF,FW",Gladbach,Bundesliga,31-243,1993,6.2,3,1,0,1,2,2,3,66.7,1,2,0,2,1,4,1,1
Tommaso Pobega,ITA,MF,Bologna,Serie A,25-116,1999,1.3,5,3,3,0,2,2,4,50.0,2,3,1,2,0,5,1,0
Daniel Podence,POR,"MF,FW",Wolves,Premier League,29-018,1995,0.5,0,0,0,0,0,0,1,0.0,1,0,0,0,0,0,0,0
Joel Pohjanpalo,FIN,FW,Venezia,Serie A,30-056,1994,8.1,2,2,1,1,0,0,0,,0,2,2,0,3,5,11,0
Matteo Politano,ITA,"FW,MF",Napoli,Serie A,31-097,1993,9.0,8,4,5,3,0,6,14,42.9,8,3,1,2,4,12,15,0
Marin Pongračić,CRO,DF,Fiorentina,Serie A,27-058,1997,1.0,1,1,1,0,0,1,3,33.3,2,0,0,0,2,3,4,0
Nick Pope,ENG,GK,Newcastle Utd,Premier League,32-203,1992,10.0,0,0,0,0,0,0,0,,0,0,0,0,0,0,11,3
Finn Porath,GER,"DF,MF",Holstein Kiel,Bundesliga,27-259,1997,6.8,16,9,12,2,2,10,16,62.5,6,10,4,6,8,24,15,0
Pedro Porro,ESP,DF,Tottenham,Premier League,25-056,1999,10.0,23,16,11,7,5,17,25,68.0,8,14,5,9,13,36,23,0
Portu,ESP,"FW,MF",Girona,La Liga,32-171,1992,1.8,3,2,1,1,1,2,2,100.0,0,3,0,3,0,3,1,0
Stefan Posch,AUT,DF,Bologna,Serie A,27-178,1997,6.4,21,14,11,6,4,12,21,57.1,9,15,3,12,3,24,16,0
Tom Pouilly,FRA,DF,Lens,Ligue 1,21-143,2003,0.5,2,2,1,1,0,1,1,100.0,0,1,0,1,1,3,3,0
Yussuf Poulsen,DEN,FW,RB Leipzig,Bundesliga,30-146,1994,1.5,2,1,1,1,0,2,4,50.0,2,2,2,0,0,2,4,0
Beñat Prados,ESP,MF,Athletic Club,La Liga,23-274,2001,6.0,11,10,3,7,1,3,13,23.1,10,9,1,8,14,25,10,0
Alexander Prass,AUT,DF,Hoffenheim,Bundesliga,23-166,2001,7.4,13,8,10,1,2,7,22,31.8,15,11,3,8,2,15,14,2
Matteo Prati,ITA,MF,Cagliari,Serie A,20-316,2003,2.6,5,2,1,3,1,2,6,33.3,4,0,0,0,2,7,3,1
Abdón Prats,ESP,"FW,MF",Mallorca,La Liga,31-337,1992,1.8,1,1,1,0,0,0,0,,0,1,0,1,0,1,2,0
Grischa Prömel,GER,MF,Hoffenheim,Bundesliga,29-304,1995,1.9,0,0,0,0,0,0,1,0.0,1,1,1,0,2,2,4,0
Ivan Provedel,ITA,GK,Lazio,Serie A,30-236,1994,11.0,0,0,0,0,0,0,0,,0,1,0,1,0,0,6,3
Javi Puado,ESP,FW,Espanyol,La Liga,26-167,1998,9.2,7,6,3,2,2,1,1,100.0,0,5,0,5,3,10,8,0
Tymoteusz Puchacz,POL,DF,Holstein Kiel,Bundesliga,25-290,1999,3.0,7,4,5,2,0,4,6,66.7,2,4,1,3,1,8,8,0
Christian Pulisic,USA,"FW,MF",Milan,Serie A,26-051,1998,8.4,16,9,5,6,5,6,12,50.0,6,3,0,3,0,16,5,0
Jarell Quansah,ENG,DF,Liverpool,Premier League,21-284,2003,0.5,2,2,1,1,0,0,0,,0,1,1,0,1,3,3,0
Leopold Querfeld,AUT,DF,Union Berlin,Bundesliga,20-324,2003,2.2,2,0,2,0,0,2,5,40.0,3,3,1,2,3,5,15,0
Dani Raba,ESP,"FW,MF",Leganés,La Liga,29-010,1995,3.1,8,4,3,4,1,4,9,44.4,5,3,0,3,5,13,3,0
Adrien Rabiot,FRA,MF,Marseille,Ligue 1,29-219,1995,3.6,6,4,4,1,1,3,4,75.0,1,4,0,4,3,9,4,0
Hamza Rafia,TUN,MF,Lecce,Serie A,25-220,1999,4.8,15,9,9,5,1,5,13,38.5,8,3,2,1,4,19,6,0
Antonio Raillo,ESP,DF,Mallorca,La Liga,33-031,1991,12.0,11,7,5,4,2,4,5,80.0,1,17,15,2,18,29,61,0
Antonio Raimondo,ITA,"FW,DF",Venezia,Serie A,20-235,2004,0.9,2,1,1,1,0,0,0,,0,0,0,0,0,2,0,1
Ylber Ramadani,ALB,MF,Lecce,Serie A,28-210,1996,10.3,27,15,13,14,0,16,20,80.0,4,18,6,12,8,35,14,3
Benito Ramírez,ESP,"DF,MF",Las Palmas,La Liga,29-120,1995,2.5,3,2,2,1,0,3,9,33.3,6,6,3,3,1,4,10,0
Sandro Ramírez,ESP,"FW,MF",Las Palmas,La Liga,29-122,1995,5.5,11,9,4,7,0,6,12,50.0,6,3,0,3,8,19,5,0
Gonçalo Ramos,POR,FW,Paris S-G,Ligue 1,23-141,2001,0.2,0,0,0,0,0,0,0,,0,0,0,0,0,0,0,0
Aaron Ramsdale,ENG,GK,Southampton,Premier League,26-178,1998,8.0,0,0,0,0,0,0,0,,0,0,0,0,2,2,6,1
Jacob Ramsey,ENG,"FW,MF",Aston Villa,Premier League,23-164,2001,6.5,7,3,3,3,1,3,5,60.0,2,6,2,4,5,12,2,0
Luca Ranieri,ITA,DF,Fiorentina,Serie A,25-199,1999,9.4,8,5,7,0,1,3,6,50.0,3,14,11,3,6,14,35,0
Grant Ranos,ARM,FW,Gladbach,Bundesliga,21-111,2003,0.1,1,0,0,1,0,0,1,0.0,1,1,0,1,0,1,0,0
Lilian Raolisoa,FRA,DF,Angers,Ligue 1,24-145,2000,1.1,3,2,1,1,1,1,3,33.3,2,1,1,0,1,4,3,0
Raphinha,BRA,"FW,MF",Barcelona,La Liga,27-330,1996,11.0,18,11,6,9,3,6,12,50.0,6,6,0,6,3,21,12,0
Marcus Rashford,ENG,FW,Manchester Utd,Premier League,27-008,1997,7.8,5,3,1,1,3,3,8,37.5,5,8,0,8,3,8,5,0
Giacomo Raspadori,ITA,"FW,MF",Napoli,Serie A,24-264,2000,2.7,3,1,2,1,0,2,4,50.0,2,5,1,4,2,5,0,0
Andrei Ratiu,ROU,DF,Rayo Vallecano,La Liga,26-141,1998,8.9,16,11,9,2,5,10,12,83.3,2,8,2,6,7,23,19,0
Raúl,ESP,FW,Osasuna,La Liga,24-005,2000,3.0,2,2,0,1,1,0,1,0.0,1,1,0,1,0,2,2,0
David Raum,GER,DF,RB Leipzig,Bundesliga,26-200,1998,5.4,11,8,5,4,2,2,6,33.3,4,5,1,4,2,13,10,0
Federico Ravaglia,ITA,GK,Bologna,Serie A,24-363,1999,4.0,0,0,0,0,0,0,0,,0,0,0,0,0,0,1,0
Rayan Raveloson,MAD,"MF,DF",Auxerre,Ligue 1,27-297,1997,6.0,4,3,2,2,0,3,13,23.1,10,4,3,1,4,8,13,0
David Raya,ESP,GK,Arsenal,Premier League,29-054,1995,10.0,0,0,0,0,0,0,0,,0,0,0,0,1,1,5,2
Abderrahman Rebbach,ALG,"FW,MF",Alavés,La Liga,26-089,1998,3.4,0,0,0,0,0,0,5,0.0,5,2,0,2,0,0,4,0
Ante Rebić,CRO,"FW,MF",Lecce,Serie A,31-048,1993,3.6,5,4,3,1,1,2,6,33.3,4,1,1,0,0,5,2,0
Harrison Reed,ENG,MF,Fulham,Premier League,29-286,1995,0.7,5,2,2,2,1,0,2,0.0,2,1,0,1,1,6,2,0
Bobby Reid,JAM,FW,Leicester City,Premier League,31-280,1993,1.8,1,1,0,1,0,0,3,0.0,3,4,1,3,0,1,3,0
Tijjani Reijnders,NED,MF,Milan,Serie A,26-102,1998,7.1,1,1,0,1,0,1,8,12.5,7,0,0,0,7,8,5,0
Pepe Reina,ESP,GK,Como,Serie A,42-069,1982,5.0,0,0,0,0,0,0,1,0.0,1,0,0,0,0,0,1,1
Rocco Reitz,GER,MF,Gladbach,Bundesliga,22-163,2002,5.4,18,10,9,9,0,8,12,66.7,4,8,3,5,20,38,11,1
Nicolai Remberg,GER,MF,Holstein Kiel,Bundesliga,24-142,2000,4.2,12,8,5,6,1,5,9,55.6,4,9,1,8,4,16,11,0
Álex Remiro,ESP,GK,Real Sociedad,La Liga,29-229,1995,12.0,0,0,0,0,0,0,1,0.0,1,0,0,0,0,0,5,3
Guillaume Restes,FRA,GK,Toulouse,Ligue 1,19-242,2005,10.0,0,0,0,0,0,0,0,,0,0,0,0,0,0,5,0
Mateo Retegui,ITA,FW,Atalanta,Serie A,25-193,1999,7.8,6,4,0,2,4,2,6,33.3,4,1,0,1,1,7,5,0
Elvis Rexhbeçaj,KVX,MF,Augsburg,Bundesliga,27-007,1997,8.3,11,9,3,6,2,7,20,35.0,13,18,2,16,7,18,9,0
Gio Reyna,USA,MF,Dortmund,Bundesliga,21-361,2002,0.1,1,0,0,0,1,1,1,100.0,0,0,0,0,0,1,0,0
Chadi Riad,MAR,DF,Crystal Palace,Premier League,21-144,2003,1.0,5,2,2,2,1,2,3,66.7,1,0,0,0,2,7,0,0
Alexsandro Ribeiro,BRA,DF,Lille,Ligue 1,25-091,1999,8.0,11,9,5,5,1,9,13,69.2,4,4,1,3,11,22,38,1
Samuele Ricci,ITA,MF,Torino,Serie A,23-079,2001,10.4,11,6,3,6,2,7,10,70.0,3,8,4,4,5,16,14,2
Declan Rice,ENG,MF,Arsenal,Premier League,25-299,1999,8.5,11,4,2,8,1,4,8,50.0,4,10,7,3,9,20,12,0
Chris Richards,USA,DF,Crystal Palace,Premier League,24-225,2000,3.8,10,5,5,4,1,6,11,54.5,5,7,1,6,3,13,17,0
Amir Richardson,MAR,MF,Fiorentina,Serie A,22-289,2002,3.6,9,3,6,3,0,2,6,33.3,4,3,0,3,1,10,11,1
Richarlison,BRA,FW,Tottenham,Premier League,27-182,1997,1.0,1,1,0,0,1,0,0,,0,0,0,0,0,1,2,0
Diego Rico,ESP,DF,Getafe,La Liga,31-259,1993,11.0,33,15,20,10,3,17,31,54.8,14,8,0,8,11,44,19,1
Fabian Rieder,SUI,"MF,FW",Stuttgart,Bundesliga,22-266,2002,5.0,10,9,3,4,3,6,15,40.0,9,5,0,5,6,16,1,0
Luis Rioja,ESP,FW,Alavés,La Liga,31-023,1993,0.3,2,1,0,1,1,1,2,50.0,1,2,0,2,0,2,0,0
Luis Rioja,ESP,"MF,FW",Valencia,La Liga,31-023,1993,8.7,10,7,1,5,4,4,12,33.3,8,9,0,9,11,21,10,0
Rodrigo Riquelme,ESP,"DF,MF",Atlético Madrid,La Liga,24-220,2000,3.3,4,2,3,1,0,3,6,50.0,3,1,0,1,1,5,3,0
Alberto Risco,ESP,"MF,FW",Getafe,La Liga,19-070,2005,0.8,4,4,2,0,2,1,6,16.7,5,2,0,2,0,4,0,0
Mihailo Ristić,SRB,MF,Celta Vigo,La Liga,29-008,1995,0.7,2,2,1,1,0,0,0,,0,0,0,0,0,2,2,0
Lars Ritzka,GER,"DF,FW",St. Pauli,Bundesliga,26-185,1998,2.8,18,13,7,8,3,9,15,60.0,6,7,0,7,1,19,12,0
Gorka Rivera Alonso,ESP,"DF,MF",Getafe,La Liga,20-099,2004,0.2,2,0,0,2,0,2,2,100.0,0,0,0,0,0,2,0,0
Sergi Roberto,ESP,MF,Como,Serie A,32-275,1992,5.9,10,6,3,3,4,4,5,80.0,1,4,1,3,9,19,8,0
Andrew Robertson,SCO,DF,Liverpool,Premier League,30-242,1994,7.4,9,6,6,2,1,7,13,53.8,6,2,1,1,3,12,7,0
Antonee Robinson,USA,DF,Fulham,Premier League,27-092,1997,10.0,32,21,17,14,1,17,28,60.7,11,7,1,6,16,48,38,0
Marc Roca,ESP,MF,Betis,La Liga,27-348,1996,8.1,14,8,8,6,0,8,15,53.3,7,16,5,11,8,22,9,1
Rodri,ESP,MF,Manchester City,Premier League,28-139,1996,0.7,2,1,1,1,0,0,0,,0,1,0,1,1,3,0,0
Rodri,ESP,FW,Betis,La Liga,24-176,2000,1.3,2,1,1,1,0,1,2,50.0,1,2,1,1,1,3,1,1
Álvaro Rodríguez,URU,FW,Getafe,La Liga,20-117,2004,1.9,1,0,0,1,0,1,1,100.0,0,5,0,5,1,2,2,0
Óscar Rodríguez Arnaiz,ESP,"MF,FW",Leganés,La Liga,26-133,1998,3.7,6,2,2,3,1,2,5,40.0,3,1,0,1,3,9,1,0
Damián Rodríguez,ESP,MF,Celta Vigo,La Liga,21-236,2003,6.2,8,5,2,5,1,2,7,28.6,5,4,1,3,4,12,8,0
Dani Rodríguez,ESP,"FW,MF",Mallorca,La Liga,36-155,1988,7.4,16,12,7,6,3,6,7,85.7,1,3,0,3,3,19,9,0
Guido Rodríguez,ARG,MF,West Ham,Premier League,30-210,1994,8.1,25,13,16,9,0,11,24,45.8,13,11,4,7,10,35,21,1
James Rodríguez,COL,"MF,FW",Rayo Vallecano,La Liga,33-119,1991,1.4,3,2,1,2,0,0,2,0.0,2,2,0,2,1,4,0,0
Javi Rodríguez,ESP,DF,Celta Vigo,La Liga,21-135,2003,6.7,9,6,8,1,0,7,9,77.8,2,6,1,5,4,13,19,0
Kirian Rodríguez,ESP,MF,Las Palmas,La Liga,28-248,1996,10.3,14,7,4,9,1,10,25,40.0,15,11,1,10,4,18,9,0
Ricardo Rodríguez,SUI,DF,Betis,La Liga,32-075,1992,3.7,9,7,6,1,2,5,9,55.6,4,2,0,2,3,12,12,0
Rodrygo,BRA,FW,Real Madrid,La Liga,23-304,2001,7.2,6,4,4,2,0,3,9,33.3,6,8,1,7,0,6,3,0
Mads Roerslev,DEN,DF,Brentford,Premier League,25-137,1999,5.0,5,3,4,1,0,1,8,12.5,7,5,1,4,2,7,14,0
Morgan Rogers,ENG,"MF,FW",Aston Villa,Premier League,22-105,2002,9.0,7,3,2,3,2,3,7,42.9,4,8,2,6,3,10,6,0
Merlin Röhl,GER,MF,Freiburg,Bundesliga,22-126,2002,1.8,3,3,1,2,0,1,1,100.0,0,1,0,1,1,4,0,0
Alessio Romagnoli,ITA,DF,Lazio,Serie A,29-301,1995,7.3,10,7,5,5,0,5,6,83.3,1,4,3,1,8,18,18,0
Leo Román,ESP,GK,Mallorca,La Liga,24-125,2000,4.0,0,0,0,0,0,0,0,,0,0,0,0,0,0,0,0
Carlos Romero,ESP,DF,Espanyol,La Liga,23-010,2001,9.6,27,18,19,7,1,16,26,61.5,10,9,1,8,6,33,23,0
Cristian Romero,ARG,DF,Tottenham,Premier League,26-195,1998,9.7,25,22,20,5,0,14,20,70.0,6,13,3,10,13,38,29,0
Isaac Romero,ESP,FW,Sevilla,La Liga,24-174,2000,7.9,3,1,0,2,1,0,5,0.0,5,6,1,5,0,3,10,0
Luka Romero,ARG,"FW,MF",Alavés,La Liga,19-356,2004,2.1,4,4,1,1,2,2,3,66.7,1,1,0,1,1,5,0,0
Oriol Romeu,ESP,MF,Girona,La Liga,33-045,1991,3.7,13,8,4,9,0,5,6,83.3,1,6,2,4,2,15,3,0
Valentin Rongier,FRA,"DF,MF",Marseille,Ligue 1,29-337,1994,2.0,7,4,4,3,0,2,6,33.3,4,5,2,3,2,9,7,0
Marten de Roon,NED,"DF,MF",Atalanta,Serie A,33-224,1991,11.0,32,18,13,18,1,14,22,63.6,8,19,2,17,15,47,21,1
Vitor Roque,BRA,FW,Betis,La Liga,19-254,2005,5.7,1,1,0,1,0,0,1,0.0,1,1,0,1,2,3,1,0
Pablo Rosario,NED,"MF,DF",Nice,Ligue 1,27-306,1997,7.9,8,6,2,6,0,4,7,57.1,3,9,5,4,16,24,18,2
Lasse Rosenboom,GER,DF,Holstein Kiel,Bundesliga,22-294,2002,2.2,4,3,4,0,0,2,4,50.0,2,5,1,4,4,8,8,0
Max Rosenfelder,GER,DF,Freiburg,Bundesliga,21-272,2003,4.7,10,6,7,3,0,7,8,87.5,1,6,2,4,3,13,30,0
Valentin Rosier,FRA,DF,Leganés,La Liga,28-081,1996,9.5,32,26,23,8,1,20,32,62.5,12,12,1,11,14,46,48,1
Tom Rothe,GER,"MF,DF",Union Berlin,Bundesliga,20-010,2004,5.9,19,10,14,5,0,11,19,57.9,8,13,3,10,5,24,14,1
Anthony Rouault,FRA,DF,Stuttgart,Bundesliga,23-163,2001,5.1,5,4,3,1,1,4,4,100.0,0,8,4,4,7,12,21,0
Jonas Rouhi,SWE,DF,Juventus,Serie A,20-306,2004,1.0,0,0,0,0,0,0,0,,0,1,0,1,1,1,2,0
Jérôme Roussillon,FRA,DF,Union Berlin,Bundesliga,31-307,1993,0.1,0,0,0,0,0,0,0,,0,0,0,0,0,0,1,0
Nicolò Rovella,ITA,MF,Lazio,Serie A,22-340,2001,7.9,31,21,9,18,4,12,19,63.2,7,6,2,4,10,41,11,1
Jon Rowe,ENG,"FW,MF",Marseille,Ligue 1,21-192,2003,3.6,6,6,0,2,4,4,6,66.7,2,1,1,0,1,7,0,0
Amir Rrahmani,KVX,DF,Napoli,Serie A,30-258,1994,11.0,7,5,4,3,0,3,7,42.9,4,11,7,4,3,10,42,0
Tommaso Rubino,ITA,MF,Fiorentina,Serie A,17-364,2006,0.1,0,0,0,0,0,0,1,0.0,1,0,0,0,0,0,0,0
Antonio Rüdiger,GER,DF,Real Madrid,La Liga,31-250,1993,10.1,8,4,5,3,0,5,7,71.4,2,13,9,4,4,12,38,0
Matteo Ruggeri,ITA,DF,Atalanta,Serie A,22-120,2002,7.8,12,8,4,6,2,6,7,85.7,1,9,1,8,7,19,12,1
Aitor Ruibal,ESP,"FW,DF",Betis,La Liga,28-231,1996,5.6,11,7,6,2,3,7,11,63.6,4,8,2,6,6,17,9,0
Abel Ruiz,ESP,FW,Girona,La Liga,24-285,2000,7.3,2,0,1,0,1,2,5,40.0,3,4,1,3,2,4,3,0
Fabián Ruiz Peña,ESP,MF,Paris S-G,Ligue 1,28-219,1996,4.7,15,8,7,5,3,7,15,46.7,8,4,0,4,6,21,5,0
Gerónimo Rulli,ARG,GK,Marseille,Ligue 1,32-172,1992,10.0,0,0,0,0,0,0,2,0.0,2,0,0,0,0,0,8,1
Georginio Rutter,FRA,"FW,MF",Brighton,Premier League,22-202,2002,6.0,10,3,5,4,1,4,12,33.3,8,6,0,6,4,14,7,1
Julian Ryerson,NOR,DF,Dortmund,Bundesliga,26-357,1997,7.0,9,6,6,2,1,9,12,75.0,3,6,1,5,8,17,5,1
Frederik Rønnow,DEN,GK,Union Berlin,Bundesliga,32-096,1992,9.0,0,0,0,0,0,0,0,,0,0,0,0,0,0,5,0
José Sá,POR,GK,Wolves,Premier League,31-296,1993,5.0,0,0,0,0,0,0,0,,0,0,0,0,0,0,3,1
Elias Saad,TUN,"FW,MF",St. Pauli,Bundesliga,24-317,1999,3.8,12,7,4,5,3,6,11,54.5,5,6,0,6,1,13,1,0
Youssouf Sabaly,SEN,DF,Betis,La Liga,31-248,1993,4.2,10,7,6,3,1,6,7,85.7,1,3,0,3,2,12,15,0
Emmanuel Sabbi,USA,"FW,MF",Le Havre,Ligue 1,26-320,1997,2.5,4,2,3,1,0,1,2,50.0,1,2,0,2,2,6,1,0
Stefano Sabelli,ITA,DF,Genoa,Serie A,31-300,1993,6.7,16,9,8,5,3,5,18,27.8,13,9,0,9,5,21,17,0
Marcel Sabitzer,AUT,"MF,FW",Dortmund,Bundesliga,30-236,1994,5.6,8,3,0,7,1,4,9,44.4,5,7,4,3,2,10,5,0
Falaye Sacko,MLI,DF,Montpellier,Ligue 1,29-191,1995,9.4,13,7,9,3,1,8,15,53.3,7,14,5,9,11,24,9,0
Umar Sadiq,NGA,FW,Real Sociedad,La Liga,27-280,1997,2.3,2,1,1,1,0,1,2,50.0,1,2,1,1,1,3,2,0
Alexis Saelemaekers,BEL,"FW,DF",Roma,Serie A,25-134,1999,1.2,4,2,3,1,0,2,2,100.0,0,1,0,1,0,4,1,0
Alexis Saelemaekers,BEL,"DF,FW",Milan,Serie A,25-134,1999,1.0,1,1,0,0,1,1,1,100.0,0,0,0,0,1,2,0,0
Jorge Sáenz,ESP,DF,Leganés,La Liga,27-357,1996,5.8,14,11,6,7,1,4,6,66.7,2,5,3,2,9,23,37,0
Matvei Safonov,RUS,GK,Paris S-G,Ligue 1,25-257,1999,3.0,0,0,0,0,0,0,0,,0,0,0,0,0,0,0,0
Modibo Sagnan,MLI,DF,Montpellier,Ligue 1,25-208,1999,8.7,19,9,10,7,2,10,17,58.8,7,9,5,4,14,33,33,2
Richie Sagrado,BEL,DF,Venezia,Serie A,20-283,2004,1.3,2,2,1,1,0,1,1,100.0,0,1,0,1,1,3,2,0
Osame Sahraoui,MAR,"FW,MF",Lille,Ligue 1,23-150,2001,7.1,4,3,2,1,1,1,4,25.0,3,9,1,8,4,8,5,1
Wesley Saïd,FRA,"FW,MF",Lens,Ligue 1,29-203,1995,3.9,3,2,1,2,0,1,2,50.0,1,0,0,0,0,3,1,0
Bukayo Saka,ENG,"MF,FW",Arsenal,Premier League,23-064,2001,8.2,16,10,5,5,6,7,15,46.7,8,11,0,11,1,17,6,0
Marco Sala,ITA,DF,Como,Serie A,25-157,1999,1.4,7,4,5,1,1,3,3,100.0,0,1,0,1,1,8,6,0
Ibrahim Salah,MAR,FW,Brest,Ligue 1,23-070,2001,2.7,2,1,1,0,1,1,2,50.0,1,1,0,1,1,3,0,0
Mohamed Salah,EGY,FW,Liverpool,Premier League,32-146,1992,9.7,5,4,1,2,2,2,3,66.7,1,1,0,1,2,7,4,0
Amine Salama,FRA,FW,Reims,Ligue 1,24-113,2000,2.1,2,2,0,1,1,0,2,0.0,2,2,1,1,0,2,0,0
Kike Salas,ESP,DF,Sevilla,La Liga,22-199,2002,3.2,5,5,2,1,2,2,4,50.0,2,5,2,3,4,9,12,0
Manolis Saliakas,GRE,"MF,DF",St. Pauli,Bundesliga,28-057,1996,6.1,14,5,7,5,2,6,13,46.2,7,11,1,10,5,19,21,0
William Saliba,FRA,DF,Arsenal,Premier League,23-229,2001,8.3,24,15,16,8,0,11,12,91.7,1,6,2,4,7,31,27,1
Mohammed Salisu,GHA,DF,Monaco,Ligue 1,25-205,1999,4.1,14,7,9,5,0,7,7,100.0,0,5,4,1,2,16,15,1
Roland Sallai,HUN,"FW,MF",Freiburg,Bundesliga,27-170,1997,0.5,2,1,1,1,0,0,0,,0,0,0,0,1,3,0,0
Yoann Salmier,GUF,DF,Le Havre,Ligue 1,31-353,1992,5.9,6,2,4,2,0,5,6,83.3,1,7,5,2,4,10,39,0
Lazar Samardzic,SRB,"MF,FW",Atalanta,Serie A,22-258,2002,3.7,3,3,0,1,2,2,3,66.7,1,3,1,2,0,3,0,0
Diadie Samassékou,MLI,MF,Hoffenheim,Bundesliga,28-302,1996,0.1,0,0,0,0,0,0,0,,0,1,0,1,1,1,0,0
Mama Samba Baldé,GNB,FW,Lyon,Ligue 1,29-002,1995,0.4,2,2,0,2,0,0,0,,0,0,0,0,1,3,1,0
Mama Samba Baldé,GNB,FW,Brest,Ligue 1,29-002,1995,3.7,4,4,1,1,2,2,4,50.0,2,2,0,2,1,5,4,0
Brice Samba,FRA,GK,Lens,Ligue 1,30-197,1994,10.0,0,0,0,0,0,0,0,,0,0,0,0,0,0,3,1
Albert Sambi Lokonga,BEL,MF,Sevilla,La Liga,25-017,1999,4.3,6,6,5,1,0,3,4,75.0,1,3,1,2,0,6,9,0
Junior Sambia,FRA,MF,Empoli,Serie A,28-062,1996,0.2,1,1,1,0,0,1,1,100.0,0,0,0,0,0,1,0,0
Chuky san jose,ESP,"MF,FW",Valladolid,La Liga,20-193,2004,1.0,1,0,0,0,1,1,1,100.0,0,2,0,2,0,1,0,0
Antonio Sanabria,PAR,FW,Torino,Serie A,28-249,1996,5.8,2,2,1,0,1,1,3,33.3,2,2,0,2,0,2,2,0
Oihan Sancet,ESP,MF,Athletic Club,La Liga,24-197,2000,7.3,5,2,3,1,1,3,8,37.5,5,4,0,4,2,7,3,0
Antonio Sánchez,ESP,"DF,MF",Mallorca,La Liga,27-312,1997,5.5,13,8,10,2,1,8,12,66.7,4,8,2,6,7,20,17,0
Iván Sánchez,ESP,"MF,FW",Valladolid,La Liga,32-046,1992,4.5,11,7,7,2,2,4,11,36.4,7,5,1,4,6,17,2,0
Javi Sánchez,ESP,DF,Valladolid,La Liga,27-239,1997,5.5,5,4,4,1,0,4,6,66.7,2,11,8,3,5,10,27,1
Juanlu Sánchez,ESP,"MF,DF",Sevilla,La Liga,21-085,2003,5.1,6,5,3,2,1,4,5,80.0,1,0,0,0,6,12,6,0
Manu Sánchez,ESP,DF,Alavés,La Liga,24-076,2000,9.5,18,13,7,6,5,10,17,58.8,7,16,2,14,9,27,19,0
Robert Sánchez,ESP,GK,Chelsea,Premier League,26-356,1997,10.0,0,0,0,0,0,0,1,0.0,1,0,0,0,0,0,9,2
Jadon Sancho,ENG,FW,Chelsea,Premier League,24-228,2000,3.4,1,1,1,0,0,1,3,33.3,2,0,0,0,0,1,0,0
Philipp Sander,GER,MF,Gladbach,Bundesliga,26-261,1998,3.7,11,6,6,4,1,6,9,66.7,3,7,1,6,5,16,7,0
Leroy Sané,GER,FW,Bayern Munich,Bundesliga,28-302,1996,1.2,2,0,0,0,2,1,1,100.0,0,1,0,1,1,3,0,0
Arouna Sangante,SEN,DF,Le Havre,Ligue 1,22-210,2002,5.8,9,7,4,5,0,5,8,62.5,3,7,4,3,14,23,21,1
Ibrahim Sangaré,CIV,MF,Nott'ham Forest,Premier League,26-342,1997,2.4,15,9,5,10,0,4,8,50.0,4,4,0,4,2,17,2,0
Nhoa Sangui,FRA,DF,Reims,Ligue 1,18-255,2006,5.5,6,4,0,3,3,3,6,50.0,3,5,2,3,2,8,12,0
Kaishu Sano,JPN,MF,Mainz 05,Bundesliga,23-314,2000,8.8,18,14,5,12,1,5,14,35.7,9,21,4,17,14,32,10,0
Nicola Sansone,ITA,"FW,MF",Lecce,Serie A,33-059,1991,0.3,0,0,0,0,0,0,0,,0,0,0,0,0,0,0,0
Baptiste Santamaria,FRA,MF,Rennes,Ligue 1,29-244,1995,4.3,9,2,6,2,1,4,9,44.4,5,9,4,5,10,19,7,0
Jesús Santiago,ESP,MF,Getafe,La Liga,20-167,2004,1.9,5,3,4,1,0,2,3,66.7,1,2,1,1,0,5,2,0
Andrey Santos,BRA,MF,Strasbourg,Ligue 1,20-189,2004,8.7,31,20,16,13,2,16,30,53.3,14,13,3,10,5,36,12,0
Kauã Santos,BRA,GK,Eint Frankfurt,Bundesliga,21-211,2003,3.5,0,0,0,0,0,0,0,,0,0,0,0,0,0,2,0
Tiago Santos,POR,DF,Lille,Ligue 1,22-108,2002,4.5,12,7,4,5,3,6,9,66.7,3,2,0,2,2,14,4,0
Pablo Sarabia,ESP,"MF,FW",Wolves,Premier League,32-181,1992,1.5,4,2,2,1,1,2,4,50.0,2,3,0,3,2,6,1,1
Jeremy Sarmiento,ECU,MF,Brighton,Premier League,22-145,2002,0.1,0,0,0,0,0,0,0,,0,0,0,0,0,0,0,0
Amin Sarr,SWE,FW,Hellas Verona,Serie A,23-242,2001,1.8,4,2,2,1,1,1,1,100.0,0,1,1,0,0,4,4,0
Ismaila Sarr,SEN,"MF,FW",Crystal Palace,Premier League,26-257,1998,4.4,2,1,0,1,1,0,6,0.0,6,6,0,6,2,4,4,0
Malang Sarr,FRA,DF,Lens,Ligue 1,25-290,1999,1.5,0,0,0,0,0,0,0,,0,2,1,1,4,4,1,0
Mamadou Sarr,FRA,DF,Strasbourg,Ligue 1,19-071,2005,4.5,10,5,4,6,0,5,10,50.0,5,4,3,1,6,16,14,0
Martin Satriano,URU,"FW,DF",Lens,Ligue 1,23-262,2001,0.5,3,1,1,1,1,3,3,100.0,0,0,0,0,0,3,2,0
Téji Savanier,FRA,MF,Montpellier,Ligue 1,32-322,1991,8.4,12,11,4,5,3,10,21,47.6,11,3,0,3,5,17,6,2
Sávio,BRA,"FW,MF",Manchester City,Premier League,20-212,2004,5.0,11,7,3,3,5,3,6,50.0,3,4,0,4,1,12,1,1
Nicolò Savona,ITA,DF,Juventus,Serie A,21-234,2003,6.5,14,7,7,6,1,6,9,66.7,3,2,0,2,5,19,3,0
Saba Sazonov,GEO,DF,Torino,Serie A,22-281,2002,0.0,0,0,0,0,0,0,0,,0,1,1,0,0,0,0,0
Joe Scally,USA,DF,Gladbach,Bundesliga,21-313,2002,8.8,16,11,10,6,0,9,15,60.0,6,10,4,6,4,20,16,1
Kevin Schade,GER,"FW,MF",Brentford,Premier League,22-347,2001,5.3,12,10,3,4,5,6,7,85.7,1,2,1,1,0,12,3,0
András Schäfer,HUN,MF,Union Berlin,Bundesliga,25-209,1999,4.7,14,7,7,6,1,11,17,64.7,6,8,1,7,7,21,9,0
Fabian Schär,SUI,DF,Newcastle Utd,Premier League,32-324,1991,7.3,9,5,2,7,0,2,6,33.3,4,5,3,2,8,17,24,0
Patrik Schick,CZE,FW,Leverkusen,Bundesliga,28-289,1996,1.6,2,2,0,1,1,0,0,,0,1,0,1,0,2,2,0
Stefan Schimmer,GER,"FW,DF",Heidenheim,Bundesliga,30-194,1994,0.5,1,0,0,1,0,1,1,100.0,0,0,0,0,0,1,0,0
Joël Schingtienne,BEL,DF,Venezia,Serie A,22-088,2002,1.0,4,4,3,1,0,1,1,100.0,0,1,0,1,1,5,1,0
Keven Schlotterbeck,GER,DF,Augsburg,Bundesliga,27-194,1997,7.4,8,7,3,5,0,5,5,100.0,0,6,3,3,8,16,29,1
Nico Schlotterbeck,GER,DF,Dortmund,Bundesliga,24-343,1999,7.8,18,12,12,5,1,15,22,68.2,7,13,6,7,9,27,23,0
Jeffrey Schlupp,GHA,"MF,DF",Crystal Palace,Premier League,31-321,1992,0.6,2,0,1,0,1,0,1,0.0,1,2,0,2,0,2,2,0
Romano Schmid,AUT,MF,Werder Bremen,Bundesliga,24-286,2000,8.8,14,5,4,7,3,8,19,42.1,11,8,0,8,4,18,5,0
Niklas Schmidt,GER,MF,Toulouse,Ligue 1,26-252,1998,1.7,4,3,1,3,0,2,4,50.0,2,0,0,0,0,4,2,0
Jan Schöppner,GER,MF,Heidenheim,Bundesliga,25-149,1999,8.2,15,7,3,9,3,9,24,37.5,15,11,2,9,15,30,30,0
Marvin Schulz,GER,"MF,FW",Holstein Kiel,Bundesliga,29-298,1995,1.4,2,2,2,0,0,1,4,25.0,3,4,1,3,0,2,6,0
Léo Scienza,BRA,"FW,MF",Heidenheim,Bundesliga,26-056,1998,5.7,9,5,6,3,0,2,6,33.3,4,4,1,3,3,12,7,0
Alex Scott,ENG,MF,Bournemouth,Premier League,21-079,2003,2.9,16,7,8,4,4,12,16,75.0,4,9,1,8,6,22,5,0
Simone Scuffet,ITA,GK,Cagliari,Serie A,28-161,1996,11.0,0,0,0,0,0,0,1,0.0,1,0,0,0,0,0,7,2
Jérémy Sebas,MTQ,"FW,MF",Strasbourg,Ligue 1,21-208,2003,0.2,2,1,1,1,0,2,3,66.7,1,0,0,0,0,2,0,0
Aleksandar Sedlar,SRB,DF,Alavés,La Liga,32-331,1991,4.5,15,9,5,10,0,7,9,77.8,2,2,1,1,7,22,7,1
Alidu Seidu,GHA,DF,Rennes,Ligue 1,24-157,2000,7.7,20,16,12,6,2,10,12,83.3,2,12,5,7,11,31,13,0
Nicolas Seiwald,AUT,MF,RB Leipzig,Bundesliga,23-188,2001,3.7,12,8,3,9,0,6,11,54.5,5,4,1,3,9,21,9,0
Matz Sels,BEL,GK,Nott'ham Forest,Premier League,32-256,1992,10.0,1,1,1,0,0,1,1,100.0,0,0,0,0,0,1,4,0
Nélson Semedo,POR,DF,Wolves,Premier League,30-358,1993,7.7,18,9,12,3,3,8,19,42.1,11,7,3,4,3,21,42,1
Antoine Semenyo,GHA,FW,Bournemouth,Premier League,24-306,2000,9.7,16,11,5,7,4,5,14,35.7,9,15,3,12,2,18,7,0
Marvin Senaya,TOG,DF,Strasbourg,Ligue 1,23-285,2001,1.7,6,3,3,2,1,5,9,55.6,4,5,2,3,6,12,7,0
Marcos Senesi,ARG,DF,Bournemouth,Premier League,27-182,1997,7.8,27,16,17,8,2,10,19,52.6,9,13,5,8,9,36,36,0
Suat Serdar,GER,MF,Hellas Verona,Serie A,27-211,1997,3.0,8,6,5,3,0,2,7,28.6,5,0,0,0,3,11,3,0
Sergi,ESP,DF,Leganés,La Liga,32-202,1992,11.5,13,10,7,5,1,5,8,62.5,3,13,9,4,19,32,58,1
Nicolás Serrano,ESP,FW,Athletic Club,La Liga,21-248,2003,0.2,1,1,0,1,0,1,2,50.0,1,1,0,1,0,1,0,0
Benjamin Šeško,SVN,"FW,MF",RB Leipzig,Bundesliga,21-161,2003,7.1,4,2,0,2,2,1,3,33.3,2,5,3,2,2,6,6,0
Stephan El Shaarawy,ITA,DF,Roma,Serie A,32-012,1992,3.2,4,3,1,1,2,0,1,0.0,1,1,0,1,4,8,3,0
Eldor Shomurodov,UZB,"FW,DF",Roma,Serie A,29-132,1995,0.6,0,0,0,0,0,0,1,0.0,1,0,0,0,0,0,0,0
Djibril Sidibé,FRA,DF,Toulouse,Ligue 1,32-102,1992,7.1,21,11,11,7,3,9,14,64.3,5,2,1,1,11,32,20,0
Armindo Sieb,GER,"MF,FW",Mainz 05,Bundesliga,21-265,2003,4.1,3,2,1,2,0,1,4,25.0,3,1,0,1,1,4,4,0
Vincent Sierro,SUI,MF,Toulouse,Ligue 1,29-031,1995,9.1,16,9,6,9,1,8,19,42.1,11,11,2,9,6,22,17,1
Tim Siersleben,GER,DF,Heidenheim,Bundesliga,24-244,2000,0.6,0,0,0,0,0,0,0,,0,0,0,0,1,1,7,0
Kiliann Sildillia,FRA,"DF,FW",Freiburg,Bundesliga,22-176,2002,0.3,1,0,0,0,1,0,0,,0,0,0,0,0,1,0,0
André Silva,POR,"FW,MF",RB Leipzig,Bundesliga,29-002,1995,0.5,1,1,1,0,0,0,1,0.0,1,0,0,0,0,1,0,0
Bernardo Silva,POR,"MF,FW",Manchester City,Premier League,30-090,1994,9.1,8,6,0,3,5,3,12,25.0,9,6,1,5,5,13,3,1
Caio Henrique Oliveira Silva,BRA,DF,Monaco,Ligue 1,27-100,1997,6.0,11,8,6,4,1,5,7,71.4,2,6,1,5,4,15,12,0
Fábio Silva,POR,"FW,MF",Las Palmas,La Liga,22-112,2002,6.3,5,1,1,2,2,1,6,16.7,5,4,0,4,3,8,10,0
Jota Silva,POR,"MF,FW",Nott'ham Forest,Premier League,25-099,1999,2.1,6,1,4,2,0,0,5,0.0,5,2,0,2,6,12,3,0
Eric da Silva Moreira,GER,DF,Nott'ham Forest,Premier League,18-189,2006,0.0,0,0,0,0,0,0,0,,0,0,0,0,0,0,0,0
Rui Silva,POR,GK,Betis,La Liga,30-275,1994,12.0,0,0,0,0,0,0,1,0.0,1,1,0,1,0,0,6,0
Abdallah Sima,SEN,"FW,MF",Brest,Ligue 1,23-144,2001,2.6,2,2,0,2,0,2,2,100.0,0,1,0,1,1,3,3,0
Mohamed Simakan,FRA,DF,RB Leipzig,Bundesliga,24-189,2000,0.6,0,0,0,0,0,0,0,,0,0,0,0,2,2,0,0
Giovanni Simeone,ARG,FW,Napoli,Serie A,29-126,1995,2.2,0,0,0,0,0,0,2,0.0,2,2,0,2,1,1,1,0
Giuliano Simeone,ARG,"MF,DF",Atlético Madrid,La Liga,21-326,2002,2.6,4,3,0,3,1,4,5,80.0,1,5,1,4,2,6,3,0
Moses Simon,NGA,FW,Nantes,Ligue 1,29-119,1995,8.4,8,7,2,3,3,4,8,50.0,4,3,0,3,6,14,2,0
Xavi Simons,NED,MF,RB Leipzig,Bundesliga,21-201,2003,6.8,8,7,2,5,1,3,5,60.0,2,3,1,2,2,10,6,0
Danel Sinani,LUX,"FW,MF",St. Pauli,Bundesliga,27-217,1997,1.1,3,3,0,2,1,0,1,0.0,1,0,0,0,1,4,0,0
Lassine Sinayoko,MLI,"FW,MF",Auxerre,Ligue 1,24-336,1999,7.4,10,5,5,1,4,4,8,50.0,4,5,0,5,7,17,17,0
Wilfried Singo,CIV,DF,Monaco,Ligue 1,23-319,2000,7.1,11,8,6,5,0,4,7,57.1,3,3,1,2,16,27,26,0
Luis Sinisterra,COL,"FW,MF",Bournemouth,Premier League,25-144,1999,2.3,5,1,1,2,2,0,4,0.0,4,3,0,3,0,5,5,0
Daley Sinkgraven,NED,DF,Las Palmas,La Liga,29-127,1995,1.0,5,1,3,2,0,1,3,33.3,2,1,0,1,1,6,2,0
Jailson Siqueira,BRA,"DF,MF",Celta Vigo,La Liga,29-062,1995,5.0,7,7,5,2,0,5,6,83.3,1,5,3,2,8,15,18,1
Ibrahim Sissoko,MLI,FW,Saint-Étienne,Ligue 1,28-347,1995,6.5,9,7,4,3,2,2,5,40.0,3,5,0,5,1,10,9,0
Ibrahima Sissoko,MLI,"MF,DF",Bochum,Bundesliga,27-012,1997,8.2,22,16,10,11,1,8,15,53.3,7,8,3,5,12,34,13,0
Niama Sissoko,MLI,FW,Reims,Ligue 1,18-328,2005,0.2,0,0,0,0,0,0,0,,0,0,0,0,0,0,0,0
Antonio Sivera,ESP,GK,Alavés,La Liga,28-089,1996,12.0,0,0,0,0,0,0,0,,0,0,0,0,0,0,5,0
Tim Skarke,GER,"FW,MF",Union Berlin,Bundesliga,28-062,1996,2.7,2,2,1,1,0,2,5,40.0,3,2,0,2,0,2,4,0
Ellyes Skhiri,TUN,MF,Eint Frankfurt,Bundesliga,29-182,1995,6.5,7,3,3,4,0,2,10,20.0,8,14,3,11,6,13,10,1
Oliver Skipp,ENG,MF,Leicester City,Premier League,24-053,2000,4.5,4,2,1,2,1,3,4,75.0,1,7,3,4,4,8,6,0
Leo Skiri Østigård,NOR,DF,Rennes,Ligue 1,24-346,1999,5.9,15,13,12,3,0,12,19,63.2,7,5,5,0,5,20,37,0
Łukasz Skorupski,POL,GK,Bologna,Serie A,33-187,1991,6.0,0,0,0,0,0,0,0,,0,0,0,0,0,0,3,0
Robert Skov,DEN,"MF,FW",Union Berlin,Bundesliga,28-172,1996,0.3,1,0,0,1,0,0,1,0.0,1,1,0,1,0,1,0,0
Milan Škriniar,SVK,DF,Paris S-G,Ligue 1,29-271,1995,2.2,5,3,2,3,0,2,2,100.0,0,4,3,1,1,6,3,0
Steven Skrzybski,GER,"FW,MF",Holstein Kiel,Bundesliga,31-356,1992,3.1,5,0,0,3,2,3,5,60.0,2,7,0,7,4,9,1,0
Naatan Skyttä,FIN,FW,Toulouse,Ligue 1,22-185,2002,0.1,1,0,0,0,1,0,0,,0,0,0,0,0,1,0,0
William Smallbone,IRL,MF,Southampton,Premier League,24-261,2000,2.7,7,3,3,3,1,3,5,60.0,2,3,0,3,0,7,2,1
Adam Smith,ENG,DF,Bournemouth,Premier League,33-193,1991,5.8,9,6,5,2,2,4,8,50.0,4,4,1,3,7,16,20,0
Eric Smith,SWE,DF,St. Pauli,Bundesliga,27-305,1997,8.4,11,8,9,2,0,5,6,83.3,1,9,3,6,13,24,33,2
Justin Smith,CAN,MF,Espanyol,La Liga,21-278,2003,0.3,0,0,0,0,0,0,0,,0,0,0,0,1,1,0,0
Emile Smith Rowe,ENG,MF,Fulham,Premier League,24-103,2000,7.9,16,10,5,4,7,4,8,50.0,4,5,0,5,6,22,5,0
Eduard Sobol,UKR,MF,Strasbourg,Ligue 1,29-202,1995,0.0,0,0,0,0,0,0,0,,0,0,0,0,0,0,0,0
Simon Sohm,SUI,MF,Parma,Serie A,23-211,2001,8.8,6,3,3,2,1,4,8,50.0,4,3,1,2,6,12,12,0
Alex Sola,ESP,"MF,FW",Getafe,La Liga,25-152,1999,9.2,16,10,8,8,0,8,22,36.4,14,8,0,8,3,19,7,0
Dominic Solanke,ENG,FW,Tottenham,Premier League,27-055,1997,7.9,9,6,1,6,2,2,3,66.7,1,4,0,4,0,9,8,0
Ola Solbakken,NOR,"MF,FW",Empoli,Serie A,26-062,1998,5.4,2,2,0,2,0,0,0,,0,0,0,0,1,3,8,0
Carlos Soler,ESP,"MF,FW",West Ham,Premier League,27-311,1997,2.7,3,3,2,1,0,1,7,14.3,6,5,1,4,1,4,3,0
Jhon Solis,COL,MF,Girona,La Liga,20-036,2004,3.2,4,4,2,2,0,3,9,33.3,6,10,1,9,3,7,4,0
Yann Sommer,SUI,GK,Inter,Serie A,35-327,1988,11.0,0,0,0,0,0,0,0,,0,0,0,0,0,0,4,1
David Soria,ESP,GK,Getafe,La Liga,31-218,1993,12.0,3,3,3,0,0,3,3,100.0,0,0,0,0,0,3,7,1
Juan Soriano,ESP,GK,Leganés,La Liga,27-077,1997,6.0,1,1,1,0,0,1,1,100.0,0,0,0,0,0,1,2,0
Borna Sosa,CRO,DF,Torino,Serie A,26-292,1998,3.5,4,3,2,2,0,3,6,50.0,3,1,0,1,4,8,7,0
Ramón Sosa,PAR,"MF,FW",Nott'ham Forest,Premier League,25-069,1999,0.9,3,2,2,0,1,1,2,50.0,1,1,0,1,1,4,2,0
Hugo Sotelo,ESP,MF,Celta Vigo,La Liga,20-325,2003,5.7,12,8,5,4,3,4,11,36.4,7,5,0,5,1,13,3,0
Florian Sotoca,FRA,"FW,MF",Lens,Ligue 1,34-014,1990,6.6,7,5,0,1,6,4,6,66.7,2,5,1,4,2,9,12,0
Riccardo Sottil,ITA,"FW,MF",Fiorentina,Serie A,25-158,1999,3.0,0,0,0,0,0,0,0,,0,1,0,1,3,3,2,0
Tomáš Souček,CZE,MF,West Ham,Premier League,29-255,1995,6.3,12,7,5,5,2,7,12,58.3,5,8,3,5,8,20,21,0
Matìas Soulé,ARG,"MF,FW",Roma,Serie A,21-207,2003,5.2,3,2,0,1,2,1,6,16.7,5,8,1,7,2,5,4,0
Boubakary Soumaré,FRA,"MF,DF",Leicester City,Premier League,25-255,1999,0.6,1,1,1,0,0,0,0,,0,0,0,0,0,1,0,0
Issa Soumaré,SEN,"FW,MF",Le Havre,Ligue 1,24-029,2000,4.7,3,1,0,2,1,2,6,33.3,4,3,1,2,2,5,2,0
Djibril Sow,SUI,MF,Sevilla,La Liga,27-276,1997,4.6,5,3,2,3,0,0,3,0.0,3,2,1,1,4,9,4,0
Saidou Sow,GUI,DF,Strasbourg,Ligue 1,22-127,2002,9.3,9,5,6,3,0,6,12,50.0,6,12,6,6,14,23,28,1
Djed Spence,ENG,DF,Tottenham,Premier League,24-091,2000,0.7,2,2,2,0,0,2,2,100.0,0,0,0,0,2,4,1,0
Leonardo Spinazzola,ITA,DF,Napoli,Serie A,31-228,1993,2.8,3,3,0,2,1,1,2,50.0,1,4,1,3,0,3,6,1
Anton Stach,GER,DF,Hoffenheim,Bundesliga,25-359,1998,8.5,23,19,11,11,1,10,14,71.4,4,8,4,4,12,35,42,0
Jens Stage,DEN,MF,Werder Bremen,Bundesliga,28-000,1996,5.7,6,5,4,2,0,3,10,30.0,7,12,3,9,7,13,7,0
Filip Stankovic,SRB,GK,Venezia,Serie A,22-257,2002,4.0,0,0,0,0,0,0,0,,0,0,0,0,0,0,3,0
Jay Stansfield,ENG,MF,Fulham,Premier League,21-350,2002,0.0,0,0,0,0,0,0,0,,0,0,0,0,0,0,0,0
Carl Starfelt,SWE,DF,Celta Vigo,La Liga,29-160,1995,9.2,9,6,7,2,0,5,9,55.6,4,15,13,2,12,21,48,1
Niklas Stark,GER,DF,Werder Bremen,Bundesliga,29-208,1995,4.1,9,6,4,4,1,4,5,80.0,1,10,8,2,4,13,24,0
Lucas Stassin,BEL,FW,Saint-Étienne,Ligue 1,19-346,2004,3.3,3,1,0,2,1,3,4,75.0,1,3,0,3,0,3,3,0
Jason Steele,ENG,GK,Brighton,Premier League,34-082,1990,2.0,0,0,0,0,0,0,0,,0,0,0,0,0,0,1,0
Orri Steinn Óskarsson,ISL,FW,Real Sociedad,La Liga,20-071,2004,3.3,3,3,0,1,2,0,5,0.0,5,5,0,5,0,3,4,0
Pascal Stenzel,GER,DF,Stuttgart,Bundesliga,28-233,1996,1.3,1,0,1,0,0,0,1,0.0,1,3,1,2,0,1,4,0
Jack Stephens,ENG,DF,Southampton,Premier League,30-286,1994,5.7,10,7,7,3,0,4,10,40.0,6,4,2,2,1,11,14,2
Raheem Sterling,ENG,"MF,FW",Arsenal,Premier League,29-336,1994,1.4,0,0,0,0,0,0,1,0.0,1,1,0,1,0,0,0,0
Enzo Sternal,FRA,"FW,MF",Marseille,Ligue 1,17-164,2007,0.3,0,0,0,0,0,0,0,,0,0,0,0,0,0,0,0
Ross Stewart,SCO,"FW,MF",Southampton,Premier League,28-120,1996,1.5,0,0,0,0,0,0,3,0.0,3,3,0,3,0,0,4,0
Angelo Stiller,GER,MF,Stuttgart,Bundesliga,23-218,2001,8.9,13,5,7,5,1,3,9,33.3,6,7,3,4,5,18,16,1
Kevin Stöger,AUT,"MF,FW",Gladbach,Bundesliga,31-073,1993,6.4,12,6,7,3,2,6,14,42.9,8,12,1,11,3,15,12,1
Stoichkov,ESP,"MF,FW",Alavés,La Liga,31-003,1993,6.1,13,8,6,6,1,6,11,54.5,5,2,0,2,1,14,5,0
Petar Stojanović,SVN,MF,Empoli,Serie A,29-032,1995,0.0,0,0,0,0,0,0,0,,0,0,0,0,0,0,0,0
John Stones,ENG,"DF,MF",Manchester City,Premier League,30-164,1994,2.7,3,2,1,2,0,2,2,100.0,0,2,0,2,1,4,7,1
Jørgen Strand Larsen,NOR,FW,Wolves,Premier League,24-276,2000,9.1,4,4,1,2,1,1,9,11.1,8,7,2,5,1,5,12,0
Gabriel Strefezza,BRA,"FW,MF",Como,Serie A,27-204,1997,10.6,22,16,8,9,5,10,24,41.7,14,6,1,5,2,24,6,0
Cristhian Stuani,URU,FW,Girona,La Liga,38-027,1986,1.8,0,0,0,0,0,0,0,,0,1,0,1,0,0,1,0
Álex Suárez,ESP,DF,Las Palmas,La Liga,31-235,1993,8.9,14,8,11,2,1,7,9,77.8,2,14,7,7,4,18,34,0
Denis Suárez,ESP,MF,Villarreal,La Liga,30-307,1994,0.9,1,1,1,0,0,1,2,50.0,1,1,1,0,0,1,1,0
Gabriel Suazo,CHI,"DF,MF",Toulouse,Ligue 1,27-091,1997,4.2,13,7,5,5,3,9,16,56.3,7,4,0,4,5,18,2,0
Luka Sučić,CRO,MF,Real Sociedad,La Liga,22-061,2002,7.2,12,8,3,7,2,5,12,41.7,7,10,2,8,4,16,4,0
Yukinari Sugawara,JPN,DF,Southampton,Premier League,24-133,2000,7.1,17,10,10,6,1,9,14,64.3,5,7,3,4,4,21,21,1
Niklas Süle,GER,DF,Dortmund,Bundesliga,29-066,1995,3.7,5,4,4,1,0,4,5,80.0,1,1,1,0,1,6,19,0
Ibrahim Sulemana,GHA,MF,Atalanta,Serie A,21-170,2003,0.3,2,1,1,1,0,1,1,100.0,0,0,0,0,0,2,0,0
Kamaldeen Sulemana,GHA,"FW,MF",Southampton,Premier League,22-267,2002,0.2,3,3,2,0,1,3,3,100.0,0,0,0,0,0,3,1,0
Crysencio Summerville,NED,"FW,MF",West Ham,Premier League,23-009,2001,2.9,3,1,0,1,2,1,3,33.3,2,4,1,3,0,3,5,0
Tomáš Suslov,SVK,"FW,MF",Hellas Verona,Serie A,22-154,2002,5.4,16,11,4,9,3,5,13,38.5,8,15,1,14,3,19,2,0
Suso,ESP,"FW,MF",Sevilla,La Liga,30-355,1993,1.1,1,0,1,0,0,1,4,25.0,3,0,0,0,0,1,0,0
Zion Suzuki,JPN,GK,Parma,Serie A,22-079,2002,9.8,1,0,1,0,0,1,1,100.0,0,0,0,0,0,1,7,2
Mattias Svanberg,SWE,MF,Wolfsburg,Bundesliga,25-308,1999,4.2,6,3,0,5,1,1,3,33.3,2,1,0,1,4,10,4,0
Marin Šverko,CRO,DF,Venezia,Serie A,26-278,1998,4.5,5,3,3,2,0,3,3,100.0,0,4,1,3,8,13,20,1
Mile Svilar,SRB,GK,Roma,Serie A,25-073,1999,11.0,0,0,0,0,0,0,0,,0,0,0,0,0,0,3,1
Michael Svoboda,AUT,DF,Venezia,Serie A,26-024,1998,10.3,20,9,15,4,1,7,16,43.8,9,15,10,5,10,30,44,2
Williot Swedberg,SWE,"FW,MF",Celta Vigo,La Liga,20-281,2004,5.3,6,5,1,4,1,5,6,83.3,1,5,0,5,1,7,4,1
Abakar Sylla,CIV,DF,Strasbourg,Ligue 1,21-319,2002,5.5,15,8,9,4,2,9,10,90.0,1,9,6,3,5,20,22,0
Issiaga Sylla,GUI,"DF,MF",Montpellier,Ligue 1,30-312,1994,2.8,9,0,6,3,0,4,7,57.1,3,1,1,0,4,13,10,0
Mamadou Sylla,SEN,FW,Valladolid,La Liga,30-233,1994,5.1,1,0,0,0,1,0,0,,0,1,0,1,0,1,2,1
Sammie Szmodics,IRL,"FW,MF",Ipswich Town,Premier League,29-045,1995,5.2,4,2,1,2,1,1,3,33.3,2,6,1,5,4,8,5,0
Dominik Szoboszlai,HUN,MF,Liverpool,Premier League,24-014,2000,8.0,5,0,1,3,1,2,8,25.0,6,16,2,14,4,9,5,0
Alexander Sørloth,NOR,FW,Atlético Madrid,La Liga,28-339,1995,6.5,3,1,0,2,1,1,2,50.0,1,2,1,1,0,3,9,0
Musa Al-Taamari,JOR,"FW,MF",Montpellier,Ligue 1,27-151,1997,2.6,4,1,1,1,2,2,2,100.0,0,0,0,0,2,6,0,1
Haris Tabakovic,BIH,"FW,MF",Hoffenheim,Bundesliga,30-141,1994,1.3,1,1,0,0,1,0,0,,0,1,1,0,0,1,5,0
Nicolás Tagliafico,ARG,DF,Lyon,Ligue 1,32-069,1992,4.0,12,7,6,2,4,9,13,69.2,4,4,3,1,8,20,8,0
Jonathan Tah,GER,DF,Leverkusen,Bundesliga,28-271,1996,9.0,5,4,4,1,0,2,3,66.7,1,5,4,1,11,16,25,1
Adrien Tameze,CMR,"MF,DF",Torino,Serie A,30-278,1994,3.6,2,1,0,2,0,0,6,0.0,6,3,3,0,10,12,3,1
Renato Tapia,PER,"MF,DF",Leganés,La Liga,29-103,1995,6.1,18,10,8,8,2,5,14,35.7,9,17,9,8,5,23,25,0
Edmond Tapsoba,BFA,DF,Leverkusen,Bundesliga,25-280,1999,8.9,20,14,10,8,2,8,14,57.1,6,5,3,2,7,27,21,0
Florian Tardieu,FRA,MF,Saint-Étienne,Ligue 1,32-200,1992,1.8,1,1,1,0,0,0,2,0.0,2,3,1,2,3,4,2,0
Mehdi Taremi,IRN,FW,Inter,Serie A,32-113,1992,2.6,2,1,0,1,1,0,0,,0,4,0,4,0,2,3,0
Oussama Targhalline,MAR,MF,Le Havre,Ligue 1,22-172,2002,6.3,12,8,7,1,4,2,6,33.3,4,11,6,5,10,22,6,1
James Tarkowski,ENG,DF,Everton,Premier League,31-355,1992,10.0,25,15,13,10,2,13,22,59.1,9,15,11,4,9,34,59,0
César Tárrega,ESP,DF,Valencia,La Liga,22-256,2002,9.0,9,7,5,3,1,4,8,50.0,4,7,5,2,5,14,40,1
Nuno Tavares,POR,DF,Lazio,Serie A,24-287,2000,7.2,11,9,8,2,1,3,8,37.5,5,4,0,4,6,17,22,0
Marcus Tavernier,ENG,"MF,FW",Bournemouth,Premier League,25-231,1999,8.7,18,10,4,10,4,4,9,44.4,5,4,0,4,2,20,5,0
Charlie Taylor,ENG,DF,Southampton,Premier League,31-051,1993,2.3,7,5,4,3,0,5,6,83.3,1,5,3,2,3,10,20,1
Jack Taylor,IRL,MF,Ipswich Town,Premier League,26-138,1998,1.5,1,0,0,1,0,1,5,20.0,4,1,0,1,2,3,7,0
Loum Tchaouna,FRA,"FW,MF",Lazio,Serie A,21-061,2003,1.9,3,1,1,1,1,1,3,33.3,2,1,0,1,1,4,1,0
Jackson Tchatchoua,CMR,"DF,MF",Hellas Verona,Serie A,23-055,2001,9.4,16,8,12,2,2,12,16,75.0,4,10,5,5,7,23,14,0
Enzo Tchato,CMR,"DF,MF",Montpellier,Ligue 1,21-351,2002,6.1,12,5,6,5,1,6,15,40.0,9,11,2,9,7,19,20,0
Aurélien Tchouaméni,FRA,"MF,DF",Real Madrid,La Liga,24-286,2000,9.4,20,10,9,10,1,7,16,43.8,9,8,7,1,23,43,13,0
Álvaro Tejero,ESP,"MF,DF",Espanyol,La Liga,28-111,1996,6.7,5,3,1,3,1,2,11,18.2,9,7,0,7,4,9,11,1
Martín Tejón,ESP,"MF,DF",Valencia,La Liga,20-210,2004,0.5,2,0,0,2,0,1,2,50.0,1,0,0,0,0,2,0,0
Mathys Tel,FRA,"FW,MF",Bayern Munich,Bundesliga,19-195,2005,1.3,1,1,0,1,0,0,0,,0,0,0,0,1,2,0,0
Nathan Tella,NGA,"DF,FW",Leverkusen,Bundesliga,25-126,1999,1.1,1,0,1,0,0,1,2,50.0,1,1,0,1,0,1,1,0
Nahuel Tenaglia,ARG,DF,Alavés,La Liga,28-261,1996,9.5,24,12,18,3,3,13,21,61.9,8,3,2,1,9,33,27,0
Casper Tengstedt,DEN,"FW,MF",Hellas Verona,Serie A,24-160,2000,7.7,2,1,0,1,1,1,3,33.3,2,3,1,2,3,5,14,0
Marc-André ter Stegen,GER,GK,Barcelona,La Liga,32-192,1992,5.5,0,0,0,0,0,0,1,0.0,1,0,0,0,0,0,2,2
Filippo Terracciano,ITA,DF,Milan,Serie A,21-274,2003,4.0,6,3,1,3,2,3,6,50.0,3,0,0,0,2,8,4,0
Pietro Terracciano,ITA,GK,Fiorentina,Serie A,34-245,1990,3.0,0,0,0,0,0,0,0,,0,0,0,0,0,0,0,0
Ramón Terrats,ESP,MF,Villarreal,La Liga,24-021,2000,0.9,3,3,1,2,0,2,3,66.7,1,2,1,1,1,4,3,0
Martin Terrier,FRA,MF,Leverkusen,Bundesliga,27-249,1997,4.9,2,1,0,0,2,1,2,50.0,1,2,0,2,1,3,1,0
Tanner Tessmann,USA,MF,Lyon,Ligue 1,23-045,2001,2.0,6,3,4,2,0,2,4,50.0,2,1,1,0,5,11,9,0
Kenny Tete,NED,DF,Fulham,Premier League,29-030,1995,9.6,26,14,11,8,7,11,20,55.0,9,13,4,9,20,46,25,0
Teddy Teuma,MLT,MF,Reims,Ligue 1,31-039,1993,2.2,4,3,1,2,1,2,7,28.6,5,3,1,2,2,6,3,0
Jordan Teze,NED,DF,Monaco,Ligue 1,25-039,1999,2.5,10,5,6,3,1,3,4,75.0,1,6,1,5,2,12,1,0
Florian Thauvin,FRA,"MF,FW",Udinese,Serie A,31-287,1993,5.9,5,5,4,0,1,4,8,50.0,4,3,0,3,2,7,2,0
Arthur Theate,BEL,DF,Eint Frankfurt,Bundesliga,24-167,2000,7.6,8,5,3,5,0,3,13,23.1,10,9,8,1,13,21,32,1
Malick Thiaw,GER,DF,Milan,Serie A,23-092,2001,4.0,7,5,2,4,1,0,1,0.0,1,2,2,0,5,12,14,0
Sorba Thomas,WAL,FW,Nantes,Ligue 1,25-078,1999,6.8,8,4,3,4,1,5,9,55.6,4,8,0,8,2,10,7,0
Adrien Thomasson,FRA,MF,Lens,Ligue 1,30-334,1993,8.8,28,17,14,8,6,16,30,53.3,14,14,0,14,8,36,14,0
Morten Thorsby,NOR,MF,Genoa,Serie A,28-187,1996,6.8,9,7,3,4,2,1,7,14.3,6,7,0,7,3,12,8,0
Khéphren Thuram,FRA,MF,Juventus,Serie A,23-227,2001,4.6,3,2,0,3,0,2,3,66.7,1,2,0,2,3,6,9,0
Marcus Thuram,FRA,FW,Inter,Serie A,27-094,1997,9.9,10,7,3,3,4,2,5,40.0,3,8,3,5,1,11,4,0
Youri Tielemans,BEL,MF,Aston Villa,Premier League,27-185,1997,9.8,23,17,11,11,1,13,19,68.4,6,8,3,5,10,33,11,0
Phillip Tietz,GER,FW,Augsburg,Bundesliga,27-122,1997,6.3,5,3,1,3,1,3,3,100.0,0,3,1,2,3,8,10,0
Jurriën Timber,NED,DF,Arsenal,Premier League,23-144,2001,6.6,15,8,5,7,3,4,10,40.0,6,8,2,6,3,18,17,1
Jean-Clair Todibo,FRA,DF,West Ham,Premier League,24-314,1999,4.6,11,6,10,1,0,6,7,85.7,1,5,3,2,6,17,26,1
Harry Toffolo,ENG,DF,Nott'ham Forest,Premier League,29-081,1995,0.4,2,0,1,0,1,0,0,,0,0,0,0,0,2,3,0
Umut Tohumcu,GER,MF,Hoffenheim,Bundesliga,20-089,2004,2.4,8,5,3,4,1,4,5,80.0,1,2,0,2,2,10,6,0
Corentin Tolisso,FRA,MF,Lyon,Ligue 1,30-097,1994,5.7,12,5,7,3,2,5,11,45.5,6,13,2,11,3,15,10,0
Rafael Tolói,ITA,DF,Atalanta,Serie A,34-029,1990,0.4,1,1,1,0,0,1,1,100.0,0,0,0,0,0,1,0,0
Tiago Tomás,POR,"FW,MF",Wolfsburg,Bundesliga,22-145,2002,7.8,9,6,5,1,3,5,16,31.3,11,5,1,4,4,13,6,0
Takehiro Tomiyasu,JPN,DF,Arsenal,Premier League,26-003,1998,0.1,0,0,0,0,0,0,0,,0,0,0,0,0,0,1,0
Fikayo Tomori,ENG,DF,Milan,Serie A,26-325,1997,6.0,8,7,5,2,1,3,6,50.0,3,6,5,1,7,15,18,0
Sandro Tonali,ITA,MF,Newcastle Utd,Premier League,24-184,2000,4.3,9,6,1,8,0,3,7,42.9,4,5,2,3,9,18,5,1
Pablo Torre,ESP,MF,Barcelona,La Liga,21-219,2003,2.2,5,4,1,3,1,2,2,100.0,0,0,0,0,1,6,3,0
David Torres,ESP,DF,Valladolid,La Liga,21-248,2003,6.7,3,2,3,0,0,1,3,33.3,2,9,8,1,2,5,27,0
Ferrán Torres,ESP,FW,Barcelona,La Liga,24-253,2000,3.6,3,1,1,1,1,1,2,50.0,1,2,0,2,0,3,1,0
Pau Torres,ESP,DF,Aston Villa,Premier League,27-297,1997,10.0,8,7,5,3,0,3,4,75.0,1,7,3,4,4,12,24,2
Lucas Torró,ESP,MF,Osasuna,La Liga,30-112,1994,11.5,24,14,8,16,0,12,22,54.5,10,19,4,15,16,40,27,1
Abdoulaye Touré,GUI,MF,Le Havre,Ligue 1,30-250,1994,9.1,22,11,12,8,2,13,19,68.4,6,12,7,5,12,34,19,0
Birama Touré,MLI,"MF,DF",Montpellier,Ligue 1,32-155,1992,2.7,7,4,5,2,0,4,6,66.7,2,3,2,1,3,10,6,0
Ousmane Toure,FRA,DF,Lille,Ligue 1,19-264,2005,0.1,0,0,0,0,0,0,0,,0,0,0,0,1,1,2,0
Souleymane Touré,FRA,DF,Udinese,Serie A,21-225,2003,4.8,5,5,4,1,0,3,4,75.0,1,8,5,3,5,10,10,1
Lucas Tousart,FRA,MF,Union Berlin,Bundesliga,27-193,1997,1.4,1,1,0,1,0,0,2,0.0,2,3,1,2,1,2,2,0
Conor Townsend,ENG,MF,Ipswich Town,Premier League,31-249,1993,0.0,1,1,1,0,0,0,0,,0,0,0,0,0,1,0,0
Adama Traoré,ESP,"FW,MF",Fulham,Premier League,28-288,1996,8.0,7,5,4,2,1,2,5,40.0,3,4,0,4,1,8,4,1
Hamari Traoré,MLI,DF,Real Sociedad,La Liga,32-286,1992,3.5,11,7,7,3,1,9,12,75.0,3,1,1,0,3,14,11,0
Omar Traoré,GER,"DF,FW",Heidenheim,Bundesliga,26-278,1998,7.5,12,6,10,2,0,8,9,88.9,1,9,2,7,5,17,16,0
Kevin Trapp,GER,GK,Eint Frankfurt,Bundesliga,34-123,1990,5.5,0,0,0,0,0,0,0,,0,0,0,0,0,0,2,1
Mark Travers,IRL,GK,Bournemouth,Premier League,25-174,1999,3.0,0,0,0,0,0,0,0,,0,0,0,0,0,0,4,0
Óscar Trejo,ARG,"MF,FW",Rayo Vallecano,La Liga,36-196,1988,1.4,2,2,0,2,0,2,2,100.0,0,1,0,1,1,3,1,0
Philipp Treu,GER,"MF,DF",St. Pauli,Bundesliga,23-341,2000,8.5,15,11,10,4,1,8,17,47.1,9,14,1,13,6,21,14,0
Ryan Trevitt,ENG,MF,Brentford,Premier League,21-241,2003,0.0,1,1,1,0,0,0,0,,0,0,0,0,0,1,0,0
Christopher Trimmel,AUT,"MF,DF",Union Berlin,Bundesliga,37-258,1987,5.2,17,12,9,7,1,14,21,66.7,7,2,0,2,5,22,15,0
Kieran Trippier,ENG,DF,Newcastle Utd,Premier League,34-050,1990,3.1,9,4,4,4,1,5,13,38.5,8,2,1,1,2,11,6,0
Leandro Trossard,BEL,FW,Arsenal,Premier League,29-340,1994,6.2,11,8,2,6,3,5,14,35.7,9,9,0,9,5,16,6,0
Adrien Truffert,FRA,"DF,MF",Rennes,Ligue 1,22-354,2001,8.3,20,8,8,7,5,13,19,68.4,6,10,0,10,7,27,13,0
Kostas Tsimikas,GRE,DF,Liverpool,Premier League,28-180,1996,2.6,12,7,8,2,2,6,8,75.0,2,3,1,2,3,15,6,0
Viktor Tsyhankov,UKR,"MF,FW",Girona,La Liga,26-359,1997,4.9,4,3,0,2,2,2,5,40.0,3,0,0,0,0,4,2,0
Axel Tuanzebe,COD,DF,Ipswich Town,Premier League,26-360,1997,5.7,13,8,10,0,3,6,10,60.0,4,5,3,2,8,21,21,0
Stefano Turati,ITA,GK,Monza,Serie A,23-064,2001,8.0,0,0,0,0,0,0,0,,0,0,0,0,0,0,5,1
Beñat Turrientes,ESP,MF,Real Sociedad,La Liga,22-282,2002,5.1,10,3,4,5,1,3,7,42.9,4,9,2,7,1,11,5,0
Tuta,BRA,"DF,MF",Eint Frankfurt,Bundesliga,25-127,1999,8.7,17,10,12,3,2,11,15,73.3,4,18,10,8,17,34,53,0
Chrisantus Uche,NGA,"FW,MF",Getafe,La Liga,21-173,2003,10.1,8,5,2,3,3,1,1,100.0,0,6,1,5,1,9,4,0
Destiny Udogie,ITA,DF,Tottenham,Premier League,21-346,2002,9.2,28,17,15,7,6,13,20,65.0,7,14,2,12,11,39,14,1
Manuel Ugarte Ribeiro,URU,MF,Manchester Utd,Premier League,23-211,2001,2.1,9,5,1,6,2,1,3,33.3,2,0,0,0,1,10,4,1
Lesley Ugochukwu,FRA,MF,Southampton,Premier League,20-227,2004,1.6,4,2,0,4,0,0,4,0.0,4,4,1,3,2,6,1,0
Lukas Ullrich,GER,DF,Gladbach,Bundesliga,20-237,2004,0.8,0,0,0,0,0,0,1,0.0,1,2,0,2,2,2,1,0
Sven Ulreich,GER,GK,Bayern Munich,Bundesliga,36-097,1988,1.0,0,0,0,0,0,0,0,,0,0,0,0,0,0,0,0
Enes Ünal,TUR,"FW,MF",Bournemouth,Premier League,27-182,1997,1.6,1,0,0,0,1,0,1,0.0,1,1,0,1,0,1,2,0
Deniz Undav,GER,"FW,MF",Stuttgart,Bundesliga,28-112,1996,7.1,4,4,1,1,2,0,5,0.0,5,3,0,3,3,7,3,0
Naci Ünüvar,NED,"MF,DF",Espanyol,La Liga,21-148,2003,0.3,2,2,1,1,0,1,2,50.0,1,0,0,0,0,2,0,0
Dayot Upamecano,FRA,DF,Bayern Munich,Bundesliga,26-012,1998,8.9,13,9,4,7,2,7,16,43.8,9,7,4,3,15,28,23,0
Kacper Urbanski,POL,MF,Bologna,Serie A,20-062,2004,2.2,5,2,4,0,1,4,6,66.7,2,4,0,4,2,7,5,0
Can Uzun,TUR,"FW,MF",Eint Frankfurt,Bundesliga,18-363,2005,1.1,2,1,1,0,1,1,2,50.0,1,2,0,2,0,2,1,0
Josha Vagnoman,GER,DF,Stuttgart,Bundesliga,23-333,2000,6.4,6,2,4,2,0,3,7,42.9,4,7,2,5,4,10,16,0
Óscar Valentín,ESP,MF,Rayo Vallecano,La Liga,30-080,1994,8.3,19,14,7,10,2,11,17,64.7,6,9,2,7,10,29,20,0
Germán Valera,ESP,"MF,FW",Valencia,La Liga,22-237,2002,0.5,0,0,0,0,0,0,0,,0,0,0,0,3,3,1,0
Emanuele Valeri,ITA,DF,Parma,Serie A,25-337,1998,6.6,12,5,7,3,2,10,14,71.4,4,6,1,5,8,20,14,0
Martin Valjent,SVK,DF,Mallorca,La Liga,28-333,1995,7.8,7,5,7,0,0,2,2,100.0,0,7,3,4,4,11,40,0
Jesús Vallejo,ESP,DF,Real Madrid,La Liga,27-308,1997,0.1,0,0,0,0,0,0,0,,0,0,0,0,0,0,2,0
Mattia Valoti,ITA,MF,Monza,Serie A,31-063,1993,0.3,2,2,2,0,0,0,0,,0,1,0,1,0,2,2,0
Federico Valverde,URU,MF,Real Madrid,La Liga,26-109,1998,10.4,17,10,7,9,1,12,17,70.6,5,18,3,15,22,39,11,0
Ignace Van Der Brempt,BEL,DF,Como,Serie A,22-221,2002,4.4,16,11,12,4,0,9,12,75.0,3,4,2,2,6,22,8,0
Virgil van Dijk,NED,DF,Liverpool,Premier League,33-123,1991,10.0,6,3,5,1,0,2,3,66.7,1,3,1,2,20,26,51,1
Vanderson,BRA,DF,Monaco,Ligue 1,23-140,2001,5.5,18,13,9,6,3,10,14,71.4,4,7,3,4,11,29,11,1
Maarten Vandevoordt,BEL,GK,RB Leipzig,Bundesliga,22-256,2002,0.5,0,0,0,0,0,0,0,,0,0,0,0,0,0,0,0
Jamie Vardy,ENG,FW,Leicester City,Premier League,37-302,1987,9.4,3,3,2,1,0,0,2,0.0,2,1,0,1,1,4,11,0
Ruben Vargas,SUI,MF,Augsburg,Bundesliga,26-095,1998,2.6,2,1,1,1,0,1,4,25.0,3,1,0,1,1,3,0,1
Nikola Vasilj,BIH,GK,St. Pauli,Bundesliga,28-342,1995,9.0,0,0,0,0,0,0,0,,0,0,0,0,0,0,2,1
Devis Vásquez,COL,GK,Empoli,Serie A,26-180,1998,11.0,0,0,0,0,0,0,0,,0,0,0,0,0,0,7,1
Johan Vásquez,MEX,DF,Genoa,Serie A,26-017,1998,11.3,14,7,5,7,2,4,10,40.0,6,19,12,7,17,31,45,1
Denis Vavro,SVK,DF,Wolfsburg,Bundesliga,28-212,1996,4.0,1,1,1,0,0,1,2,50.0,1,6,3,3,4,5,24,1
José Luis García Vayá,ESP,MF,Valencia,La Liga,26-089,1998,9.5,17,11,7,7,3,4,12,33.3,8,10,3,7,3,20,15,0
Jesus Vazquez,ESP,DF,Valencia,La Liga,21-311,2003,6.2,16,13,8,6,2,5,12,41.7,7,11,5,6,5,21,19,0
Lucas Vázquez,ESP,DF,Real Madrid,La Liga,33-130,1991,4.5,8,7,4,4,0,4,9,44.4,5,4,0,4,2,10,2,0
Matías Vecino,URU,MF,Lazio,Serie A,33-076,1991,3.7,4,4,1,2,1,2,10,20.0,8,3,0,3,1,5,4,0
Renato Veiga,POR,"DF,MF",Chelsea,Premier League,21-102,2003,1.9,8,5,5,3,0,4,8,50.0,4,3,1,2,1,9,2,0
Alejo Véliz,ARG,FW,Espanyol,La Liga,21-050,2003,7.2,1,1,0,1,0,1,5,20.0,4,10,2,8,1,2,14,0
Miloš Veljković,SRB,DF,Werder Bremen,Bundesliga,29-043,1995,1.5,1,0,0,0,1,0,1,0.0,1,3,2,1,0,1,4,0
Joël Veltman,NED,DF,Brighton,Premier League,32-298,1992,8.6,19,12,12,5,2,12,29,41.4,17,10,4,6,9,28,22,0
Micky van de Ven,NED,DF,Tottenham,Premier League,23-203,2001,7.9,7,4,3,3,1,5,10,50.0,5,6,4,2,9,16,24,1
Nikolas Veratschnig,AUT,MF,Mainz 05,Bundesliga,21-289,2003,0.1,0,0,0,0,0,0,0,,0,0,0,0,0,0,0,0
Bart Verbruggen,NED,GK,Brighton,Premier League,22-082,2002,8.0,0,0,0,0,0,0,2,0.0,2,0,0,0,0,0,8,2
Simone Verdi,ITA,"MF,FW",Como,Serie A,32-119,1992,0.7,0,0,0,0,0,0,1,0.0,1,0,0,0,0,0,1,0
Jordan Veretout,FRA,MF,Lyon,Ligue 1,31-252,1993,5.4,6,2,3,2,1,3,8,37.5,5,8,2,6,1,7,6,0
Arthur Vermeeren,BEL,MF,RB Leipzig,Bundesliga,19-275,2005,3.7,10,7,4,6,0,4,16,25.0,12,10,5,5,5,15,5,0
Yorbe Vertessen,BEL,"FW,MF",Union Berlin,Bundesliga,23-305,2001,4.8,5,2,3,1,1,1,4,25.0,3,3,0,3,3,8,3,0
Mikel Vesga,ESP,MF,Athletic Club,La Liga,31-171,1993,3.5,5,3,2,3,0,2,10,20.0,8,4,0,4,6,11,5,0
Jannik Vestergaard,DEN,DF,Leicester City,Premier League,32-097,1992,3.0,5,1,3,2,0,0,1,0.0,1,3,1,2,3,8,23,1
Ben Viadere,FRA,MF,Auxerre,Ligue 1,19-067,2005,0.1,0,0,0,0,0,0,0,,0,0,0,0,0,0,0,0
Guglielmo Vicario,ITA,GK,Tottenham,Premier League,28-032,1996,10.0,0,0,0,0,0,0,0,,0,0,0,0,0,0,7,2
Carlos Vicente,ESP,"FW,MF",Alavés,La Liga,25-199,1999,10.9,11,8,7,2,2,5,7,71.4,2,7,1,6,3,14,6,0
Pau Victor Delgado,ESP,FW,Barcelona,La Liga,22-348,2001,1.6,1,1,0,1,0,0,3,0.0,3,5,1,4,2,3,4,0
Nacho Vidal,ESP,DF,Osasuna,La Liga,29-289,1995,1.3,2,0,0,1,1,1,3,33.3,2,1,0,1,0,2,3,0
Gabriel Vidovic,CRO,MF,Mainz 05,Bundesliga,20-343,2003,0.0,0,0,0,0,0,0,0,,0,0,0,0,0,0,0,0
Samuele Vignato,ITA,MF,Monza,Serie A,20-258,2004,2.3,4,2,0,2,2,3,5,60.0,2,0,0,0,0,4,1,0
Asier Villalibre,ESP,FW,Alavés,La Liga,27-039,1997,2.4,0,0,0,0,0,0,0,,0,1,0,1,1,1,4,0
Iván Villar,ESP,GK,Celta Vigo,La Liga,27-122,1997,4.0,0,0,0,0,0,0,0,,0,0,0,0,0,0,3,0
Nicolas Viola,ITA,"MF,FW",Cagliari,Serie A,35-027,1989,3.5,5,5,1,4,0,0,4,0.0,4,1,0,1,2,7,2,0
Viti,ESP,DF,Las Palmas,La Liga,27-053,1997,6.6,26,18,14,10,2,9,12,75.0,3,8,0,8,10,36,17,0
Mattia Viti,ITA,DF,Empoli,Serie A,22-289,2002,11.0,30,21,22,7,1,16,21,76.2,5,18,10,8,19,49,47,1
Vitinha,POR,FW,Genoa,Serie A,24-238,2000,5.5,10,4,4,3,3,4,15,26.7,11,5,1,4,4,14,5,0
Vitinha,POR,MF,Paris S-G,Ligue 1,24-269,2000,7.0,15,7,6,8,1,11,18,61.1,7,6,2,4,2,17,5,1
Daniel Vivian,ESP,DF,Athletic Club,La Liga,25-116,1999,9.6,12,9,7,5,0,9,11,81.8,2,9,3,6,11,23,48,0
Dušan Vlahović,SRB,FW,Juventus,Serie A,24-285,2000,10.0,1,1,0,0,1,0,0,,0,4,3,1,1,2,7,1
Vanja Vlahović,SRB,"MF,FW",Atalanta,Serie A,20-230,2004,0.3,0,0,0,0,0,0,0,,0,0,0,0,0,0,0,0
Nikola Vlašić,CRO,"MF,FW",Torino,Serie A,27-035,1997,3.3,10,7,5,4,1,4,6,66.7,2,5,2,3,2,12,3,0
Alessandro Vogliacco,ITA,DF,Genoa,Serie A,26-055,1998,7.2,11,3,4,7,0,6,7,85.7,1,11,7,4,8,19,19,0
Kevin Vogt,GER,DF,Union Berlin,Bundesliga,33-046,1991,8.4,3,3,1,2,0,2,5,40.0,3,7,4,3,5,8,34,0
Mërgim Vojvoda,KVX,DF,Torino,Serie A,29-281,1995,6.6,9,5,2,5,2,4,11,36.4,7,8,2,6,4,13,14,1
Aster Vranckx,BEL,MF,Wolfsburg,Bundesliga,22-035,2002,1.4,3,2,1,2,0,1,1,100.0,0,2,1,1,3,6,4,0
Stefan de Vrij,NED,DF,Inter,Serie A,32-277,1992,4.9,5,3,3,1,1,3,5,60.0,2,4,2,2,3,8,16,0
Ibrahima Wadji,SEN,FW,Saint-Étienne,Ligue 1,29-187,1995,0.5,1,1,0,1,0,1,2,50.0,1,0,0,0,0,1,0,0
Robert Wagner,GER,MF,St. Pauli,Bundesliga,21-117,2003,3.9,7,2,1,6,0,3,10,30.0,7,6,0,6,1,8,9,0
Elye Wahi,FRA,FW,Marseille,Ligue 1,21-311,2003,5.1,0,0,0,0,0,0,3,0.0,3,0,0,0,1,1,0,0
Hauke Wahl,GER,DF,St. Pauli,Bundesliga,30-207,1994,9.0,14,9,8,5,1,7,9,77.8,2,8,4,4,6,20,34,1
Kyle Walker,ENG,DF,Manchester City,Premier League,34-164,1990,4.2,6,3,3,2,1,4,10,40.0,6,4,2,2,2,8,4,0
Kyle Walker-Peters,ENG,DF,Southampton,Premier League,27-209,1997,7.9,10,8,5,3,2,5,10,50.0,5,8,3,5,7,17,16,0
Christian Walton,ENG,GK,Ipswich Town,Premier League,28-365,1995,1.0,0,0,0,0,0,0,1,0.0,1,0,0,0,0,0,0,0
Sebastian Walukiewicz,POL,DF,Torino,Serie A,24-217,2000,5.2,7,3,4,2,1,4,6,66.7,2,7,2,5,8,15,24,0
Sebastian Walukiewicz,POL,DF,Empoli,Serie A,24-217,2000,2.0,1,0,1,0,0,0,1,0.0,1,3,3,0,1,2,15,0
Aaron Wan-Bissaka,ENG,DF,West Ham,Premier League,26-348,1997,8.3,16,11,7,7,2,8,10,80.0,2,5,2,3,16,32,23,0
Paul Wanner,GER,"MF,FW",Heidenheim,Bundesliga,18-321,2005,7.5,18,10,7,11,0,7,15,46.7,8,4,0,4,1,19,6,0
James Ward-Prowse,ENG,MF,West Ham,Premier League,30-007,1994,0.2,1,0,1,0,0,1,1,100.0,0,1,0,1,0,1,0,0
James Ward-Prowse,ENG,MF,Nott'ham Forest,Premier League,30-007,1994,3.2,3,1,1,2,0,1,1,100.0,0,3,2,1,5,8,3,0
Kjell-Arik Wätjen,GER,MF,Dortmund,Bundesliga,18-266,2006,0.0,0,0,0,0,0,0,0,,0,0,0,0,0,0,2,0
Ollie Watkins,ENG,FW,Aston Villa,Premier League,28-314,1995,8.6,3,2,0,2,1,0,4,0.0,4,5,0,5,2,5,2,0
Timothy Weah,USA,FW,Juventus,Serie A,24-260,2000,4.0,5,2,0,3,2,1,3,33.3,2,4,0,4,3,8,3,0
Adam Webster,ENG,DF,Brighton,Premier League,29-309,1995,0.9,0,0,0,0,0,0,2,0.0,2,4,3,1,1,1,3,1
Julian Weigl,GER,MF,Gladbach,Bundesliga,29-061,1995,8.6,19,5,13,4,2,11,12,91.7,1,11,5,6,17,36,19,0
Timon Weiner,GER,GK,Holstein Kiel,Bundesliga,25-295,1999,9.0,0,0,0,0,0,0,0,,0,0,0,0,0,0,4,1
Nelson Weiper,GER,"MF,FW",Mainz 05,Bundesliga,19-236,2005,0.5,1,1,1,0,0,0,0,,0,1,0,1,0,1,0,0
Mitchell Weiser,GER,"DF,MF",Werder Bremen,Bundesliga,30-201,1994,8.9,15,10,3,10,2,6,12,50.0,6,6,0,6,3,18,17,1
Noah Weißhaupt,GER,FW,Freiburg,Bundesliga,23-049,2001,0.9,0,0,0,0,0,0,1,0.0,1,0,0,0,0,0,1,0
Danny Welbeck,ENG,FW,Brighton,Premier League,33-348,1990,9.3,7,5,3,3,1,2,6,33.3,4,10,1,9,3,10,5,0
Timo Werner,GER,"FW,MF",Tottenham,Premier League,28-247,1996,2.7,2,2,1,1,0,1,4,25.0,3,9,1,8,1,3,2,0
Adam Wharton,ENG,MF,Crystal Palace,Premier League,20-159,2004,6.9,18,10,9,9,0,9,26,34.6,17,5,0,5,10,28,13,0
Ben White,ENG,DF,Arsenal,Premier League,27-031,1997,6.7,9,5,7,1,1,8,20,40.0,12,4,3,1,9,18,21,0
Silvan Widmer,SUI,DF,Mainz 05,Bundesliga,31-248,1993,1.3,2,2,1,1,0,2,3,66.7,1,1,0,1,1,3,6,0
Mats Wieffer,NED,MF,Brighton,Premier League,24-358,1999,2.6,10,5,1,7,2,3,8,37.5,5,7,1,6,2,12,6,2
Mateusz Wieteska,POL,DF,Cagliari,Serie A,27-271,1997,1.0,1,0,0,1,0,1,1,100.0,0,2,1,1,6,7,4,0
Caleb Wiley,USA,"DF,MF",Strasbourg,Ligue 1,19-322,2004,2.4,0,0,0,0,0,0,0,,0,3,1,2,1,1,3,0
Iñaki Williams,GHA,FW,Athletic Club,La Liga,30-146,1994,10.8,6,1,2,3,1,4,10,40.0,6,9,1,8,7,13,11,0
Neco Williams,WAL,DF,Nott'ham Forest,Premier League,23-209,2001,4.2,13,9,11,2,0,5,11,45.5,6,9,1,8,4,17,19,0
Nico Williams,ESP,FW,Athletic Club,La Liga,22-119,2002,7.6,15,9,3,8,4,6,11,54.5,5,4,0,4,2,17,2,0
Joe Willock,ENG,"MF,FW",Newcastle Utd,Premier League,25-080,1999,2.9,7,4,2,4,1,4,7,57.1,3,7,1,6,2,9,1,0
Harry Wilson,WAL,"FW,MF",Fulham,Premier League,27-231,1997,0.8,0,0,0,0,0,0,1,0.0,1,0,0,0,0,0,1,0
Patrick Wimmer,AUT,"FW,MF",Wolfsburg,Bundesliga,23-162,2001,3.6,4,4,1,3,0,2,6,33.3,4,4,0,4,4,8,2,0
Jonas Wind,DEN,"MF,FW",Wolfsburg,Bundesliga,25-275,1999,4.8,0,0,0,0,0,0,0,,0,3,1,2,1,1,4,0
Harry Winks,ENG,MF,Leicester City,Premier League,28-280,1996,8.5,10,5,6,2,2,5,13,38.5,8,9,3,6,3,13,12,0
Florian Wirtz,GER,MF,Leverkusen,Bundesliga,21-189,2003,8.3,11,7,4,5,2,4,9,44.4,5,9,1,8,6,17,0,0
Yoane Wissa,COD,FW,Brentford,Premier League,28-066,1996,5.3,2,1,0,0,2,0,3,0.0,3,2,0,2,3,5,3,0
Dani de Wit,NED,"MF,FW",Bochum,Bundesliga,26-285,1998,6.9,14,9,6,7,1,8,15,53.3,7,8,2,6,6,20,13,1
Axel Witsel,BEL,DF,Atlético Madrid,La Liga,35-301,1989,5.6,6,5,1,5,0,4,6,66.7,2,4,2,2,4,10,22,0
Maximilian Wittek,GER,DF,Bochum,Bundesliga,29-079,1995,8.4,13,10,4,7,2,11,18,61.1,7,18,4,14,10,23,21,1
Marius Wolf,GER,DF,Augsburg,Bundesliga,29-165,1995,5.7,8,4,1,4,3,3,11,27.3,8,9,2,7,4,12,15,0
Nick Woltemade,GER,"MF,FW",Stuttgart,Bundesliga,22-268,2002,0.6,0,0,0,0,0,0,0,,0,0,0,0,0,0,0,0
Jeong Woo-yeong,KOR,"FW,MF",Union Berlin,Bundesliga,25-049,1999,4.6,2,1,1,1,0,0,1,0.0,1,3,1,2,5,7,1,0
Chris Wood,NZL,FW,Nott'ham Forest,Premier League,32-337,1991,8.9,1,1,0,0,1,1,3,33.3,2,1,1,0,2,3,6,0
Christopher Wooh,CMR,DF,Rennes,Ligue 1,23-051,2001,8.5,20,9,11,7,2,9,12,75.0,3,15,7,8,11,31,33,0
Luke Woolfenden,ENG,DF,Ipswich Town,Premier League,26-018,1998,4.2,1,1,1,0,0,0,2,0.0,2,8,3,5,8,9,22,0
Granit Xhaka,SUI,MF,Leverkusen,Bundesliga,32-042,1992,9.0,11,5,3,7,1,4,8,50.0,4,8,3,5,2,13,10,0
Lamine Yamal,ESP,FW,Barcelona,La Liga,17-118,2007,10.8,20,14,2,9,9,5,9,55.6,4,6,0,6,8,28,1,0
Yehor Yarmoliuk,UKR,MF,Brentford,Premier League,20-252,2004,1.5,2,1,1,1,0,0,3,0.0,3,4,2,2,4,6,2,0
Ryan Yates,ENG,MF,Nott'ham Forest,Premier League,26-353,1997,8.0,14,6,10,3,1,4,9,44.4,5,9,1,8,10,24,24,1
John Yeboah,ECU,"MF,FW",Venezia,Serie A,24-138,2000,1.9,2,2,0,1,1,0,6,0.0,6,2,0,2,0,2,0,0
Bertuğ Yıldırım,TUR,FW,Getafe,La Liga,22-119,2002,7.0,5,2,0,4,1,0,4,0.0,4,3,1,2,0,5,11,0
Kenan Yıldız,TUR,"FW,MF",Juventus,Serie A,19-188,2005,8.4,20,13,6,10,4,8,11,72.7,3,9,0,9,2,22,3,0
Ashley Young,ENG,DF,Everton,Premier League,39-122,1985,7.7,19,10,10,7,2,11,18,61.1,7,2,1,1,9,28,21,0
Etienne Youte Kinkoue,FRA,DF,Le Havre,Ligue 1,22-299,2002,5.5,3,1,2,1,0,3,5,60.0,2,9,5,4,8,11,31,0
Illia Zabarnyi,UKR,DF,Bournemouth,Premier League,22-068,2002,10.0,12,6,5,7,0,4,9,44.4,5,13,4,9,12,24,46,0
Mattia Zaccagni,ITA,"FW,MF",Lazio,Serie A,29-145,1995,7.6,8,6,1,6,1,3,5,60.0,2,4,0,4,6,14,4,0
Dan-Axel Zagadou,FRA,"DF,MF",Stuttgart,Bundesliga,25-158,1999,0.3,0,0,0,0,0,0,0,,0,0,0,0,1,1,1,0
Yoram Zague,FRA,DF,Paris S-G,Ligue 1,18-177,2006,0.8,3,2,1,1,1,2,2,100.0,0,1,0,1,0,3,1,0
Wilfried Zaha,CIV,FW,Lyon,Ligue 1,31-364,1992,0.7,1,1,1,0,0,1,2,50.0,1,2,0,2,0,1,0,0
Warren Zaïre-Emery,FRA,"MF,DF",Paris S-G,Ligue 1,18-245,2006,7.6,18,8,3,9,6,9,14,64.3,5,13,0,13,5,23,8,0
Miha Zajc,SVN,MF,Toulouse,Ligue 1,30-130,1994,1.4,1,1,0,0,1,1,2,50.0,1,0,0,0,1,2,2,0
Denis Zakaria,SUI,MF,Monaco,Ligue 1,27-354,1996,7.3,11,8,4,5,2,6,9,66.7,3,6,4,2,8,19,17,0
Nicola Zalewski,POL,"DF,FW",Roma,Serie A,22-290,2002,5.4,6,5,1,2,3,1,5,20.0,4,5,1,4,3,9,6,2
Andre-Frank Zambo Anguissa,CMR,MF,Napoli,Serie A,28-358,1995,11.0,17,11,3,11,3,6,14,42.9,8,6,1,5,18,35,7,0
Francesco Zampano,ITA,DF,Venezia,Serie A,31-039,1993,9.7,18,12,10,6,2,8,15,53.3,7,8,0,8,5,23,15,2
Nicolò Zaniolo,ITA,"MF,FW",Atalanta,Serie A,25-129,1999,1.5,0,0,0,0,0,0,0,,0,0,0,0,0,0,0,0
Alessandro Zanoli,ITA,"DF,FW",Genoa,Serie A,24-036,2000,5.4,7,4,4,2,1,4,5,80.0,1,3,2,1,1,8,14,0
Duván Zapata,COL,FW,Torino,Serie A,33-221,1991,6.5,7,5,2,0,5,0,3,0.0,3,2,1,1,2,9,7,0
Gabriele Zappa,ITA,DF,Cagliari,Serie A,24-322,1999,10.5,14,9,7,7,0,7,11,63.6,4,12,8,4,6,20,30,0
Davide Zappacosta,ITA,DF,Atalanta,Serie A,32-150,1992,7.3,6,4,3,2,1,6,13,46.2,7,7,1,6,1,7,6,0
Bryan Zaragoza,ESP,"FW,MF",Osasuna,La Liga,23-197,2001,9.1,9,6,6,2,1,4,12,33.3,8,6,0,6,0,9,8,0
Anass Zaroury,MAR,"MF,FW",Lens,Ligue 1,24-001,2000,3.9,5,4,0,4,1,2,7,28.6,5,2,0,2,0,5,1,0
Oier Zarraga,ESP,MF,Udinese,Serie A,25-309,1999,4.0,7,3,3,4,0,4,13,30.8,9,2,1,1,1,8,3,0
Jordan Zemura,ZIM,DF,Udinese,Serie A,24-360,1999,5.5,9,3,3,4,2,4,9,44.4,5,9,2,7,7,16,9,0
Robin Zentner,GER,GK,Mainz 05,Bundesliga,30-011,1994,9.0,0,0,0,0,0,0,0,,0,0,0,0,0,0,12,2
Alessio Zerbin,ITA,DF,Napoli,Serie A,25-250,1999,0.0,1,1,1,0,0,1,1,100.0,0,0,0,0,0,1,0,0
Kevin Zeroli,ITA,MF,Milan,Serie A,19-302,2005,0.1,1,1,0,1,0,0,0,,0,0,0,0,0,1,0,0
Cedric Zesiger,SUI,DF,Wolfsburg,Bundesliga,26-137,1998,5.0,10,6,3,5,2,4,9,44.4,5,5,5,0,3,13,24,0
Michael Zetterer,GER,GK,Werder Bremen,Bundesliga,29-119,1995,9.0,0,0,0,0,0,0,0,,0,0,0,0,0,0,3,4
Nathan Zeze,FRA,DF,Nantes,Ligue 1,19-143,2005,7.0,21,11,10,11,0,13,16,81.3,3,16,7,9,12,33,51,0
Edon Zhegrova,KVX,"FW,MF",Lille,Ligue 1,25-222,1999,7.6,3,2,2,0,1,1,3,33.3,2,4,0,4,3,6,0,0
Piotr Zieliński,POL,MF,Inter,Serie A,30-172,1994,2.7,5,5,2,2,1,2,7,28.6,5,1,0,1,0,5,1,0
Oleksandr Zinchenko,UKR,"DF,MF",Arsenal,Premier League,27-329,1996,1.2,0,0,0,0,0,0,1,0.0,1,3,0,3,2,2,3,0
Joshua Zirkzee,NED,FW,Manchester Utd,Premier League,23-170,2001,4.6,2,0,2,0,0,2,2,100.0,0,6,2,4,2,4,1,0
Luc Zogbé,CIV,DF,Brest,Ligue 1,19-229,2005,1.4,7,5,4,2,1,3,5,60.0,2,2,0,2,2,9,6,0
Nadir Zortea,ITA,"DF,FW",Cagliari,Serie A,25-142,1999,5.9,9,4,5,4,0,4,8,50.0,4,1,0,1,3,12,14,0
Aristide Zossou,CIV,MF,Auxerre,Ligue 1,19-147,2005,0.1,0,0,0,0,0,0,0,,0,0,0,0,0,0,0,0
Yanis Zouaoui,ALG,"FW,DF",Le Havre,Ligue 1,30-121,1994,1.8,2,2,1,1,0,1,1,100.0,0,1,0,1,2,4,3,0
Igor Zubeldia,ESP,DF,Real Sociedad,La Liga,27-223,1997,9.4,7,6,3,3,1,4,10,40.0,6,12,7,5,6,13,29,1
Martín Zubimendi,ESP,MF,Real Sociedad,La Liga,25-280,1999,11.5,28,16,10,13,5,9,12,75.0,3,17,5,12,14,42,24,1
Martin Ødegaard,NOR,MF,Arsenal,Premier League,25-327,1998,2.8,5,3,1,3,1,1,4,25.0,3,0,0,0,1,6,0,0
Milan Đurić,BIH,FW,Monza,Serie A,34-170,1990,8.2,0,0,0,0,0,0,1,0.0,1,3,0,3,1,1,8,0
